--- SAMPLE 1 --- [12, 1, 6, 8, 14, 13, 16, 17, 20, 2, 3, 4, 19, 11, 18, 5, 7, 15, 9, 10]

--- SAMPLE 2 --- [20, 9, 2, 5, 11, 13, 19, 7, 16, 3, 4, 17, 1, 6, 12, 15, 8, 18, 14, 10]

--- SAMPLE 3 --- [1, 11, 15, 10, 5, 3, 4, 7, 14, 18, 2, 9, 12, 19, 20, 6, 13, 16, 17, 8]

--- SAMPLE 4 --- [7, 5, 1, 2, 3, 4, 6, 13, 20, 9, 10, 15, 8, 14, 12, 16, 17, 18, 11, 19]

--- SAMPLE 5 --- [1, 9, 11, 13, 16, 4, 5, 6, 12, 14, 17, 19, 20, 15, 18, 3, 8, 10, 7, 2]

--- SAMPLE 6 --- [2, 12, 16, 9, 8, 14, 13, 19, 11, 7, 6, 4, 1, 18, 15, 5, 17, 20, 10, 3]

--- SAMPLE 7 --- [1, 12, 13, 8, 15, 3, 16, 2, 9, 20, 10, 18, 14, 17, 19, 4, 5, 6, 7, 11]

--- SAMPLE 8 --- [1, 2, 3, 4, 17, 18, 13, 15, 20, 5, 7, 12, 16, 6, 19, 11, 14, 10, 8, 9]

--- SAMPLE 9 --- [1, 4, 3, 13, 8, 2, 7, 12, 16, 19, 20, 17, 5, 6, 15, 18, 9, 11, 14, 10]

--- SAMPLE 10 --- [2, 1, 16, 19, 20, 12, 18, 13, 4, 5, 10, 11, 3, 7, 6, 8, 15, 17, 14, 9]

--- SAMPLE 11 --- [1, 7, 10, 12, 13, 17, 14, 11, 3, 8, 9, 5, 6, 16, 19, 20, 18, 2, 4, 15]

--- SAMPLE 12 --- [5, 16, 2, 14, 17, 20, 1, 3, 11, 10, 13, 15, 12, 6, 7, 9, 19, 4, 18, 8]

--- SAMPLE 13 --- [15, 8, 10, 5, 6, 13, 14, 12, 17, 20, 1, 2, 11, 16, 19, 4, 3, 7, 9, 18]

--- SAMPLE 14 --- [13, 3, 9, 14, 1, 5, 11, 16, 4, 6, 7, 8, 12, 18, 20, 10, 15, 17, 2, 19]

--- SAMPLE 15 --- [1, 8, 4, 12, 2, 3, 5, 7, 9, 16, 17, 10, 11, 18, 20, 14, 15, 19, 6, 13]

--- SAMPLE 16 --- [1, 2, 3, 10, 9, 18, 13, 14, 11, 12, 19, 6, 15, 5, 16, 4, 8, 7, 17, 20]

--- SAMPLE 17 --- [1, 4, 5, 10, 8, 14, 18, 16, 17, 19, 11, 6, 2, 3, 7, 9, 15, 20, 13, 12]

--- SAMPLE 18 --- [1, 12, 3, 8, 10, 11, 19, 17, 9, 6, 14, 15, 16, 20, 2, 13, 7, 5, 18, 4]

--- SAMPLE 19 --- [7, 13, 3, 8, 1, 15, 5, 6, 12, 19, 18, 4, 14, 20, 10, 16, 11, 17, 18, 9]

--- SAMPLE 20 --- [1, 9, 15, 14, 18, 2, 11, 12, 19, 20, 17, 16, 7, 13, 3, 4, 5, 6, 8, 10]

--- SAMPLE 21 --- [5, 12, 20, 1, 2, 3, 9, 15, 18, 14, 16, 6, 7, 10, 11, 19, 17, 4, 13, 8]

--- SAMPLE 22 --- [2, 1, 18, 19, 9, 10, 13, 11, 5, 14, 4, 17, 7, 8, 12, 3, 15, 16, 6, 20]

--- SAMPLE 23 --- [6, 19, 1, 2, 3, 4, 16, 12, 7, 9, 11, 20, 5, 8, 10, 15, 18, 14, 17, 13]

--- SAMPLE 24 --- [7, 6, 11, 17, 1, 14, 9, 2, 13, 18, 20, 10, 8, 15, 16, 4, 19, 3, 5, 12]

--- SAMPLE 25 --- [1, 3, 5, 19, 20, 17, 2, 4, 6, 12, 10, 16, 7, 14, 13, 15, 11, 8, 9, 18]

--- SAMPLE 26 --- [1, 2, 3, 5, 6, 4, 7, 8, 9, 17, 19, 11, 16, 20, 15, 18, 10, 12, 13, 14]

--- SAMPLE 27 --- [1, 2, 18, 19, 9, 8, 11, 13, 16, 6, 7, 10, 20, 15, 17, 3, 4, 12, 14, 5]

--- SAMPLE 28 --- [1, 3, 4, 17, 7, 5, 18, 2, 9, 12, 19, 14, 20, 10, 11, 15, 6, 8, 13, 16]

--- SAMPLE 29 --- [1, 7, 17, 12, 19, 11, 5, 8, 10, 16, 4, 9, 14, 2, 3, 15, 13, 18, 20, 6]

--- SAMPLE 30 --- [3, 16, 1, 2, 17, 11, 19, 5, 4, 7, 9, 10, 14, 15, 6, 12, 20, 18, 8, 13]

--- SAMPLE 31 --- [1, 14, 13, 11, 12, 4, 10, 16, 17, 19, 20, 8, 9, 18, 5, 15, 6, 7, 2, 3]

--- SAMPLE 32 --- [1, 6, 9, 4, 8, 2, 20, 10, 11, 12, 7, 14, 15, 18, 19, 13, 16, 3, 17, 5]

--- SAMPLE 33 --- [3, 14, 13, 18, 1, 7, 17, 20, 5, 10, 11, 19, 2, 4, 15, 6, 16, 9, 12, 8]

--- SAMPLE 34 --- [1, 11, 13, 10, 16, 17, 19, 4, 5, 15, 20, 8, 2, 3, 7, 9, 12, 14, 18, 6]

--- SAMPLE 35 --- [1, 2, 3, 14, 15, 5, 4, 18, 19, 7, 13, 20, 12, 16, 17, 11, 10, 8, 9, 6]

--- SAMPLE 36 --- [1, 2, 3, 20, 7, 14, 15, 12, 13, 11, 8, 9, 10, 16, 19, 18, 17, 6, 4, 5]

--- SAMPLE 37 --- [1, 5, 3, 18, 7, 12, 20, 19, 13, 11, 16, 15, 6, 8, 9, 10, 17, 2, 4, 14]

--- SAMPLE 38 --- [19, 9, 16, 1, 2, 3, 6, 15, 17, 10, 12, 14, 4, 18, 8, 11, 13, 5, 7, 20]

--- SAMPLE 39 --- [2, 5, 6, 1, 4, 8, 9, 13, 19, 20, 10, 11, 12, 3, 18, 17, 16, 7, 15, 14]

--- SAMPLE 40 --- [1, 6, 10, 19, 15, 8, 7, 4, 3, 17, 20, 12, 11, 5, 14, 18, 2, 9, 16, 13]

--- SAMPLE 41 --- [1, 2, 10, 11, 9, 14, 12, 13, 16, 17, 20, 8, 15, 18, 19, 3, 7, 4, 5, 6]

--- SAMPLE 42 --- [1, 15, 10, 14, 3, 4, 16, 19, 20, 2, 7, 8, 11, 12, 13, 17, 18, 6, 9, 5]

--- SAMPLE 43 --- [11, 16, 14, 20, 3, 6, 13, 17, 19, 1, 2, 4, 5, 7, 8, 9, 10, 18, 15, 12]

--- SAMPLE 44 --- [4, 6, 14, 1, 2, 3, 15, 8, 12, 20, 16, 17, 18, 7, 9, 10, 13, 11, 19, 5]

--- SAMPLE 45 --- [2, 7, 8, 1, 19, 10, 15, 18, 3, 5, 6, 16, 17, 9, 11, 12, 13, 4, 20, 14]

--- SAMPLE 46 --- [2, 19, 8, 11, 18, 20, 16, 17, 6, 14, 1, 3, 4, 5, 7, 12, 13, 15, 9, 10]

--- SAMPLE 47 --- [5, 12, 20, 10, 6, 7, 1, 13, 15, 16, 11, 18, 19, 8, 9, 17, 3, 14, 2, 4]

--- SAMPLE 48 --- [1, 3, 7, 19, 2, 4, 5, 6, 11, 16, 15, 8, 9, 17, 20, 18, 10, 13, 14, 12]

--- SAMPLE 49 --- [1, 4, 5, 17, 3, 6, 2, 10, 12, 13, 15, 16, 20, 7, 8, 11, 18, 19, 9, 14]

--- SAMPLE 50 --- [4, 1, 2, 3, 17, 9, 11, 14, 10, 19, 20, 13, 5, 12, 15, 18, 8, 6, 7, 16]

--- SAMPLE 51 --- [1, 11, 18, 20, 12, 13, 17, 14, 15, 10, 2, 3, 8, 9, 19, 4, 5, 6, 7, 16]

--- SAMPLE 52 --- [19, 7, 8, 14, 17, 16, 9, 10, 13, 18, 20, 12, 15, 5, 6, 2, 1, 3, 4, 11]

--- SAMPLE 53 --- [1, 2, 3, 12, 17, 18, 6, 9, 10, 5, 15, 11, 14, 19, 20, 16, 13, 7, 8, 4]

--- SAMPLE 54 --- [6, 9, 5, 10, 18, 11, 13, 14, 15, 17, 1, 3, 12, 16, 19, 2, 4, 7, 8, 20]

--- SAMPLE 55 --- [3, 1, 20, 14, 17, 10, 12, 16, 18, 19, 9, 11, 15, 2, 13, 4, 5, 6, 7, 8]

--- SAMPLE 56 --- [1, 3, 12, 20, 16, 18, 11, 17, 15, 6, 13, 2, 7, 8, 14, 19, 4, 5, 9, 10]

--- SAMPLE 57 --- [7, 12, 17, 1, 8, 18, 6, 10, 11, 14, 15, 2, 3, 9, 16, 19, 20, 4, 5, 13]

--- SAMPLE 58 --- [19, 20, 1, 4, 15, 17, 2, 3, 6, 9, 18, 10, 14, 12, 11, 16, 5, 8, 7, 13]

--- SAMPLE 59 --- [2, 7, 1, 3, 5, 6, 19, 9, 10, 11, 18, 20, 12, 17, 4, 8, 13, 14, 15, 16]

--- SAMPLE 60 --- [8, 18, 19, 11, 15, 17, 20, 10, 1, 9, 12, 13, 2, 3, 4, 5, 6, 7, 14, 16]

--- SAMPLE 61 --- [8, 9, 1, 2, 3, 10, 13, 14, 16, 5, 6, 11, 17, 12, 7, 15, 18, 19, 20, 4]

--- SAMPLE 62 --- [1, 3, 4, 6, 14, 15, 16, 19, 13, 17, 20, 11, 12, 2, 5, 7, 8, 9, 10, 18]

--- SAMPLE 63 --- [11, 10, 13, 17, 1, 15, 18, 19, 4, 9, 2, 3, 5, 12, 20, 8, 16, 6, 7, 14]

--- SAMPLE 64 --- [1, 5, 11, 16, 2, 4, 6, 14, 12, 15, 18, 19, 3, 8, 10, 13, 17, 20, 7, 9]

--- SAMPLE 65 --- [1, 11, 15, 18, 17, 10, 12, 13, 14, 20, 2, 3, 4, 5, 9, 7, 8, 16, 6, 19]

--- SAMPLE 66 --- [1, 10, 14, 20, 11, 7, 8, 15, 2, 3, 12, 18, 4, 9, 13, 17, 5, 6, 19, 16]

--- SAMPLE 67 --- [1, 2, 3, 12, 13, 17, 10, 15, 18, 8, 9, 14, 4, 5, 16, 19, 20, 6, 7, 11]

--- SAMPLE 68 --- [1, 8, 9, 11, 2, 7, 12, 5, 10, 13, 17, 18, 19, 20, 14, 6, 15, 16, 3, 4]

--- SAMPLE 69 --- [11, 13, 18, 20, 1, 2, 3, 4, 5, 6, 7, 8, 12, 15, 16, 17, 10, 19, 14, 9]

--- SAMPLE 70 --- [1, 3, 11, 8, 7, 9, 2, 4, 5, 6, 10, 12, 13, 18, 19, 17, 15, 16, 20, 14]

--- SAMPLE 71 --- [2, 5, 11, 1, 3, 10, 14, 17, 20, 19, 4, 16, 15, 18, 8, 9, 6, 7, 12, 13]

--- SAMPLE 72 --- [3, 1, 2, 10, 18, 20, 13, 9, 7, 8, 17, 19, 14, 16, 11, 4, 5, 6, 12, 15]

--- SAMPLE 73 --- [10, 18, 19, 17, 9, 3, 8, 1, 6, 13, 15, 20, 4, 11, 12, 14, 16, 2, 7, 5]

--- SAMPLE 74 --- [15, 5, 7, 18, 2, 3, 1, 17, 10, 11, 9, 12, 14, 16, 6, 13, 4, 8, 19, 20]

--- SAMPLE 75 --- [1, 16, 15, 2, 3, 4, 6, 8, 12, 19, 20, 17, 18, 14, 5, 7, 10, 11, 13, 9]

--- SAMPLE 76 --- [1, 2, 3, 4, 11, 20, 15, 16, 6, 9, 14, 18, 19, 12, 13, 17, 5, 8, 7, 10]

--- SAMPLE 77 --- [1, 12, 3, 7, 2, 19, 9, 16, 11, 13, 18, 4, 5, 8, 20, 10, 14, 15, 17, 6]

--- SAMPLE 78 --- [18, 2, 13, 16, 20, 4, 12, 9, 8, 17, 19, 14, 1, 3, 5, 6, 7, 11, 10, 15]

--- SAMPLE 79 --- [16, 6, 19, 20, 1, 2, 3, 4, 5, 11, 13, 18, 17, 15, 7, 8, 9, 10, 12, 14]

--- SAMPLE 80 --- [1, 10, 11, 13, 16, 2, 3, 4, 19, 12, 14, 9, 6, 15, 20, 5, 7, 8, 17, 18]

--- SAMPLE 81 --- [4, 5, 7, 13, 1, 10, 11, 18, 2, 6, 9, 14, 16, 19, 8, 3, 12, 15, 17, 20]

--- SAMPLE 82 --- [5, 7, 8, 15, 1, 2, 3, 6, 17, 6, 18, 12, 13, 11, 9, 14, 4, 10, 16, 19, 20]

--- SAMPLE 83 --- [16, 6, 11, 5, 20, 1, 2, 9, 13, 19, 4, 10, 12, 18, 3, 7, 8, 14, 15, 17]

--- SAMPLE 84 --- [1, 3, 10, 18, 6, 2, 11, 12, 5, 8, 16, 20, 4, 7, 15, 14, 13, 9, 17, 19]

--- SAMPLE 85 --- [11, 12, 20, 1, 4, 5, 6, 7, 9, 17, 19, 14, 3, 15, 10, 18, 2, 13, 16, 8]

--- SAMPLE 86 --- [11, 13, 18, 2, 1, 3, 5, 8, 12, 16, 19, 20, 6, 10, 17, 4, 15, 7, 9, 14]

--- SAMPLE 87 --- [20, 4, 11, 12, 14, 18, 19, 13, 3, 1, 6, 8, 9, 10, 17, 2, 5, 7, 15, 16]

--- SAMPLE 88 --- [15, 18, 6, 17, 3, 1, 4, 7, 8, 9, 11, 14, 16, 19, 20, 12, 2, 5, 10, 13]

--- SAMPLE 89 --- [8, 9, 1, 6, 11, 19, 2, 4, 7, 12, 13, 16, 18, 20, 3, 5, 15, 17, 10, 14]

--- SAMPLE 90 --- [1, 2, 3, 4, 5, 14, 20, 8, 16, 15, 18, 6, 7, 9, 11, 12, 17, 13, 19, 10]

--- SAMPLE 91 --- [19, 13, 1, 3, 2, 5, 8, 9, 17, 4, 10, 12, 16, 6, 18, 7, 11, 14, 15, 20]

--- SAMPLE 92 --- [18, 20, 7, 8, 3, 4, 2, 6, 1, 14, 17, 5, 13, 16, 19, 9, 12, 15, 10, 11]

--- SAMPLE 93 --- [5, 4, 1, 3, 6, 10, 20, 12, 11, 18, 19, 16, 7, 8, 14, 13, 15, 2, 17, 9]

--- SAMPLE 94 --- [20, 13, 19, 3, 11, 1, 10, 7, 9, 14, 8, 15, 4, 12, 18, 5, 6, 17, 2, 16]

--- SAMPLE 95 --- [1, 2, 5, 7, 8, 16, 4, 11, 13, 19, 20, 10, 3, 9, 12, 15, 17, 18, 6, 14]

--- SAMPLE 96 --- [9, 1, 2, 6, 4, 5, 14, 18, 13, 8, 11, 15, 16, 17, 20, 10, 12, 3, 7, 19]

--- SAMPLE 97 --- [3, 5, 6, 8, 18, 15, 11, 16, 1, 9, 10, 12, 19, 17, 20, 4, 7, 13, 14, 2]

--- SAMPLE 98 --- [10, 2, 20, 7, 12, 16, 1, 5, 6, 14, 18, 19, 11, 3, 4, 8, 9, 13, 15, 17]
[20, 12, 7, 16, 18, 10, 11, 2, 4, 3, 6, 8, 9, 14, 1, 15, 13, 17, 19, 5]

[2, 16, 8, 3, 13, 17, 15, 4, 11, 12, 1, 5, 18, 19, 14, 7, 9, 10, 6, 20]

[13, 15, 8, 9, 3, 1, 2, 14, 19, 18, 6, 11, 12, 17, 16, 10, 7, 4, 5, 20]

[4, 3, 1, 2, 6, 19, 10, 7, 16, 20, 8, 18, 12, 11, 17, 9, 5, 14, 15, 13]

[4, 1, 3, 19, 7, 11, 10, 12, 2, 16, 20, 8, 13, 9, 5, 15, 18, 17, 14, 6]

[4, 16, 7, 17, 14, 1, 19, 20, 5, 9, 2, 10, 12, 13, 3, 15, 6, 11, 18, 8]

[4, 1, 3, 2, 7, 6, 15, 18, 8, 9, 12, 14, 5, 11, 16, 19, 17, 10, 20, 13]

[1, 19, 14, 12, 7, 3, 4, 2, 6, 13, 15, 11, 10, 16, 17, 18, 20, 5, 8, 9]

[1, 4, 3, 5, 15, 11, 2, 6, 8, 13, 17, 18, 19, 20, 12, 16, 14, 9, 10, 7]

[2, 6, 7, 13, 1, 4, 8, 19, 12, 16, 17, 18, 15, 11, 9, 14, 3, 5, 20, 10]

[1, 2, 3, 5, 8, 9, 11, 15, 14, 19, 10, 7, 18, 20, 17, 4, 12, 16, 6, 13]

[1, 2, 8, 5, 11, 20, 14, 9, 15, 16, 4, 17, 18, 19, 3, 7, 12, 13, 10, 6]

[1, 2, 13, 14, 18, 7, 3, 11, 20, 10, 8, 15, 5, 6, 12, 16, 17, 19, 4, 9]

[18, 13, 14, 1, 2, 3, 11, 15, 16, 20, 12, 10, 8, 9, 7, 19, 17, 5, 4, 6]

[1, 2, 3, 11, 12, 8, 19, 20, 7, 13, 10, 16, 18, 14, 17, 9, 15, 5, 4, 6]

[2, 3, 4, 19, 11, 12, 20, 17, 5, 1, 13, 15, 10, 16, 14, 18, 7, 6, 8, 9]

[4, 10, 5, 11, 12, 8, 2, 1, 3, 9, 19, 7, 13, 15, 6, 14, 16, 17, 18, 20]

[1, 20, 5, 4, 13, 17, 2, 6, 11, 12, 15, 18, 19, 14, 7, 8, 9, 10, 16, 3]

[1, 10, 12, 15, 14, 13, 11, 19, 17, 16, 4, 5, 18, 9, 8, 3, 7, 2, 6, 20]

[1, 2, 3, 8, 10, 11, 14, 4, 5, 12, 16, 17, 18, 19, 9, 15, 7, 6, 13, 20]

[1, 4, 3, 15, 18, 2, 11, 6, 7, 12, 13, 16, 19, 17, 14, 20, 8, 5, 10, 9]

[1, 2, 3, 11, 4, 10, 15, 14, 18, 19, 16, 12, 13, 17, 9, 20, 8, 5, 6, 7]

[1, 15, 1, 3, 2, 9, 4, 18, 17, 19, 8, 5, 7, 11, 12, 16, 10, 14, 6, 20]

[1, 2, 3, 12, 13, 18, 19, 20, 8, 10, 11, 15, 7, 5, 9, 14, 16, 17, 4, 6]

[1, 2, 3, 7, 12, 15, 18, 19, 20, 4, 5, 9, 10, 11, 14, 16, 17, 8, 6, 13]

[2, 3, 1, 4, 5, 7, 8, 15, 18, 19, 14, 16, 20, 17, 9, 10, 11, 12, 13, 6]

[2, 1, 18, 7, 10, 11, 12, 13, 14, 15, 16, 19, 17, 3, 4, 8, 9, 20, 6, 5]

[1, 2, 10, 13, 14, 18, 19, 4, 7, 11, 20, 8, 9, 15, 16, 17, 5, 6, 3, 12]

[2, 1, 10, 15, 16, 18, 19, 20, 13, 7, 11, 14, 17, 12, 8, 5, 4, 3, 6, 9]

[1, 2, 3, 19, 8, 14, 12, 11, 10, 13, 15, 16, 18, 20, 5, 6, 4, 7, 9, 17]

[1, 2, 6, 16, 17, 4, 5, 12, 10, 3, 11, 18, 19, 20, 7, 8, 9, 13, 14, 15]

[2, 1, 3, 11, 13, 14, 16, 17, 18, 20, 12, 15, 19, 5, 7, 8, 9, 10, 4, 6]

[20, 8, 1, 3, 5, 6, 10, 11, 13, 15, 17, 18, 19, 12, 2, 4, 7, 9, 14, 16]

[1, 11, 16, 19, 2, 3, 4, 15, 17, 20, 12, 14, 13, 10, 9, 8, 7, 5, 18, 6]

[1, 20, 6, 8, 10, 11, 13, 16, 19, 2, 3, 4, 15, 17, 14, 12, 18, 7, 5, 9]

[3, 9, 13, 1, 11, 18, 20, 2, 10, 17, 14, 4, 6, 7, 8, 16, 15, 19, 12, 5]

[14, 1, 13, 17, 18, 19, 2, 3, 4, 5, 7, 8, 15, 10, 11, 16, 9, 20, 6, 12]

[1, 2, 3, 5, 12, 13, 15, 17, 18, 19, 20, 4, 7, 9, 10, 11, 14, 16, 6, 8]

[1, 8, 9, 2, 4, 12, 15, 17, 19, 20, 11, 10, 3, 7, 13, 14, 16, 18, 5, 6]

[1, 2, 17, 18, 10, 13, 14, 15, 16, 19, 3, 4, 5, 8, 11, 12, 6, 7, 9, 20]

[1, 4, 12, 13, 16, 2, 3, 7, 9, 11, 14, 15, 17, 19, 20, 10, 8, 6, 5, 18]

[1, 5, 8, 17, 18, 7, 11, 2, 3, 6, 10, 13, 19, 20, 9, 12, 14, 15, 16, 4]

[1, 3, 5, 14, 17, 18, 19, 2, 4, 6, 7, 9, 11, 12, 15, 16, 20, 8, 10, 13]

[1, 2, 3, 4, 5, 6, 7, 8, 9, 10, 11, 12, 13, 14, 15, 16, 17, 18, 19, 20]

[1, 6, 11, 12, 19, 2, 14, 15, 16, 17, 20, 3, 13, 18, 10, 8, 9, 7, 5, 4]

[1, 8, 12, 13, 14, 15, 16, 19, 20, 11, 10, 9, 7, 17, 18, 4, 5, 3, 2, 6]

[1, 3, 11, 17, 9, 16, 14, 15, 19, 20, 13, 12, 10, 7, 8, 4, 5, 2, 18, 6]

[1, 16, 11, 15, 14, 10, 7, 8, 12, 13, 17, 18, 19, 20, 6, 9, 5, 4, 2, 3]

[1, 5, 12, 16, 17, 20, 2, 3, 4, 7, 8, 9, 10, 11, 13, 14, 15, 18, 19, 6]

[1, 12, 18, 2, 3, 4, 7, 8, 10, 13, 15, 17, 19, 20, 14, 11, 9, 5, 6, 16]

[1, 2, 3, 4, 12, 13, 15, 18, 17, 20, 5, 11, 14, 19, 10, 9, 8, 7, 6, 16]

[1, 6, 11, 18, 19, 8, 9, 13, 16, 17, 20, 14, 10, 7, 5, 4, 3, 2, 15, 12]

[1, 3, 11, 12, 14, 19, 2, 4, 8, 10, 13, 15, 17, 20, 18, 16, 9, 7, 6, 5]

[1, 13, 14, 2, 3, 8, 12, 15, 17, 20, 9, 10, 11, 16, 18, 19, 7, 4, 5, 6]

[1, 12, 15, 11, 14, 16, 4, 3, 2, 7, 18, 19, 20, 10, 17, 9, 8, 5, 6, 13]

[1, 3, 12, 13, 18, 2, 4, 5, 10, 14, 15, 17, 19, 20, 16, 11, 9, 8, 7, 6]

[1, 8, 5, 4, 13, 17, 16, 19, 20, 11, 9, 10, 14, 15, 7, 6, 3, 2, 18, 12]

[1, 18, 17, 12, 13, 14, 20, 2, 3, 4, 5, 7, 8, 9, 10, 11, 15, 16, 19, 6]

[1, 4, 10, 13, 15, 18, 19, 20, 2, 3, 9, 11, 14, 17, 12, 8, 7, 6, 5, 16]

[1, 2, 10, 13, 9, 17, 20, 3, 4, 5, 7, 8, 11, 14, 15, 16, 18, 19, 6, 12]

[1, 3, 2, 17, 20, 4, 9, 10, 14, 15, 16, 18, 19, 11, 13, 12, 8, 7, 6, 5]

[1, 6, 11, 15, 17, 18, 19, 20, 2, 3, 4, 5, 7, 8, 9, 10, 12, 13, 14, 16]

[1, 10, 18, 19, 2, 3, 4, 5, 6, 7, 8, 9, 11, 12, 13, 14, 15, 16, 17, 20]

[4, 1, 3, 13, 14, 12, 15, 17, 18, 19, 20, 2, 5, 6, 7, 8, 9, 10, 11, 16]

[2, 3, 10, 15, 18, 12, 1, 17, 19, 20, 4, 5, 6, 7, 8, 9, 11, 13, 14, 16]

[1, 2, 14, 15, 10, 8, 9, 12, 13, 17, 19, 20, 3, 4, 5, 6, 7, 11, 16, 18]

[1, 2, 3, 4, 14, 15, 17, 20, 5, 7, 8, 9, 10, 11, 12, 13, 16, 18, 19, 6]

[1, 10, 17, 20, 2, 3, 4, 5, 6, 7, 8, 9, 11, 12, 13, 14, 15, 16, 18, 19]

[1, 2, 10, 13, 15, 18, 20, 3, 4, 5, 7, 8, 9, 11, 12, 14, 16, 17, 19, 6]

[1, 3, 8, 11, 13, 14, 18, 19, 20, 2, 4, 5, 6, 7, 9, 10, 12, 15, 16, 17]

[10, 13, 15, 1, 2, 5, 9, 11, 16, 18, 20, 3, 4, 6, 7, 8, 12, 14, 17, 19]

[1, 8, 7, 13, 16, 19, 2, 3, 4, 5, 9, 10, 11, 12, 14, 15, 17, 18, 20, 6]

[1, 9, 2, 3, 8, 6, 10, 11, 13, 14, 15, 20, 18, 17, 19, 4, 5, 7, 12, 16]

[18, 19, 1, 2, 3, 8, 13, 14, 20, 4, 5, 6, 7, 9, 10, 11, 12, 15, 16, 17]

[1, 2, 7, 12, 13, 20, 3, 4, 8, 9, 10, 11, 14, 15, 16, 17, 18, 19, 5, 6]

[14, 1, 3, 9, 12, 11, 10, 18, 2, 4, 5, 6, 7, 8, 13, 15, 16, 17, 19, 20]

[1, 2, 10, 13, 15, 18, 19, 20, 3, 4, 5, 6, 7, 8, 9, 11, 12, 14, 16, 17]

[1, 8, 12, 10, 7, 4, 13, 14, 15, 20, 2, 3, 5, 6, 9, 11, 16, 17, 18, 19]

[1, 3, 7, 10, 15, 18, 19, 20, 2, 4, 5, 6, 8, 9, 11, 12, 13, 14, 16, 17]

[1, 2, 4, 14, 19, 20, 3, 5, 6, 7, 8, 9, 10, 11, 12, 13, 15, 16, 17, 18]

[1, 3, 10, 16, 18, 20, 2, 4, 5, 6, 7, 8, 9, 11, 12, 13, 14, 15, 17, 19]

[1, 2, 3, 4, 11, 13, 16, 18, 19, 20, 5, 6, 7, 8, 9, 10, 12, 14, 15, 17]

[1, 2, 3, 7, 10, 15, 18, 20, 4, 5, 6, 8, 9, 11, 12, 13, 14, 16, 17, 19]

[1, 10, 14, 18, 19, 2, 3, 4, 5, 6, 7, 8, 9, 11, 12, 13, 15, 16, 17, 20]

[1, 2, 12, 10, 11, 13, 15, 18, 19, 20, 3, 4, 5, 6, 7, 8, 9, 14, 16, 17]

[1, 2, 4, 8, 11, 14, 15, 16, 18, 20, 3, 5, 6, 7, 9, 10, 12, 13, 17, 19]

[1, 4, 6, 10, 11, 15, 19, 20, 2, 3, 5, 7, 8, 9, 12, 13, 14, 16, 17, 18]

[1, 2, 3, 10, 11, 13, 15, 19, 20, 4, 5, 6, 7, 8, 9, 12, 14, 16, 17, 18]

[1, 6, 11, 14, 19, 2, 3, 4, 5, 7, 8, 9, 10, 12, 13, 15, 16, 17, 18, 20]

[1, 2, 3, 11, 15, 18, 19, 20, 4, 5, 6, 7, 8, 9, 10, 12, 13, 14, 16, 17]

[1, 2, 3, 4, 10, 11, 14, 18, 19, 20, 5, 6, 7, 8, 9, 12, 13, 15, 16, 17]

[1, 2, 4, 5, 12, 15, 18, 19, 20, 3, 6, 7, 8, 9, 10, 11, 13, 14, 16, 17]

[1, 3, 8, 10, 11, 13, 15, 18, 19, 20, 2, 4, 5, 6, 7, 9, 12, 14, 16, 17]

[1, 10, 11, 14, 18, 19, 2, 3, 4, 5, 6, 7, 8, 9, 12, 13, 15, 16, 17, 20]

[1, 2, 4, 10, 11, 14, 18, 19, 20, 3, 5, 6, 7, 8, 9, 12, 13, 15, 16, 17]

[1, 2, 11, 10, 13, 14, 15, 18, 19, 20, 3, 4, 5, 6, 7, 8, 9, 12, 16, 17]

[1, 3, 4, 10, 14, 18, 19, 20, 2, 5, 6, 7, 8, 9, 11, 12, 13, 15, 16, 17]

[1, 3, 7, 8, 10, 14, 18, 19, 20, 2, 4, 5, 6, 9, 11, 12, 13, 15, 16, 17]

SAMPLE 199: [1, 13, 18, 19, 7, 14, 20, 4, 5, 2, 3, 11, 10, 16, 17, 15, 8, 9, 6, 12]

SAMPLE 200: [2, 18, 6, 5, 7, 9, 19, 1, 3, 12, 14, 4, 10, 11, 8, 15, 17, 13, 16, 20]

SAMPLE 201: [1, 14, 6, 2, 4, 8, 17, 13, 15, 12, 11, 19, 16, 3, 9, 5, 20, 7, 10, 18]

SAMPLE 202: [1, 2, 12, 4, 18, 9, 20, 10, 11, 3, 17, 15, 5, 13, 19, 14, 16, 7, 8, 6]

SAMPLE 203: [1, 16, 8, 6, 2, 3, 10, 12, 17, 5, 9, 15, 7, 14, 11, 4, 19, 20, 13, 18]

SAMPLE 204: [2, 19, 18, 14, 17, 12, 10, 4, 6, 13, 15, 16, 20, 5, 1, 3, 7, 8, 9, 11]

SAMPLE 205: [1, 2, 5, 3, 6, 7, 8, 9, 10, 19, 16, 13, 18, 17, 11, 12, 14, 4, 15, 20]

SAMPLE 206: [1, 13, 2, 5, 14, 4, 6, 8, 9, 10, 12, 15, 20, 18, 16, 17, 11, 19, 7, 3]

SAMPLE 207: [1, 2, 10, 17, 18, 9, 14, 4, 11, 20, 13, 16, 7, 3, 6, 12, 15, 5, 19, 8]

SAMPLE 208: [6, 9, 5, 12, 2, 16, 19, 17, 4, 14, 7, 8, 11, 18, 15, 20, 10, 1, 3, 13]

SAMPLE 209: [1, 3, 7, 17, 20, 16, 12, 14, 10, 18, 15, 9, 11, 8, 4, 5, 13, 19, 6, 2]

SAMPLE 210: [15, 2, 3, 16, 19, 5, 6, 10, 11, 9, 13, 12, 14, 1, 18, 4, 8, 20, 7, 17]

SAMPLE 211: [1, 2, 3, 4, 9, 12, 7, 17, 18, 20, 15, 16, 14, 10, 6, 8, 19, 11, 5, 13]

SAMPLE 212: [3, 4, 1, 16, 6, 7, 8, 11, 12, 13, 14, 15, 19, 2, 5, 10, 17, 20, 9, 18]

SAMPLE 213: [1, 4, 15, 17, 2, 3, 13, 5, 9, 16, 18, 8, 10, 11, 12, 19, 20, 6, 7, 14]

SAMPLE 214: [1, 2, 9, 12, 3, 10, 11, 18, 7, 6, 8, 16, 15, 20, 17, 13, 14, 5, 19, 4]

SAMPLE 215: [5, 19, 6, 16, 3, 10, 13, 4, 11, 18, 1, 2, 14, 9, 8, 12, 15, 17, 7, 20]

SAMPLE 216: [1, 2, 8, 4, 6, 5, 9, 14, 15, 18, 3, 16, 7, 13, 10, 19, 17, 11, 12, 20]

SAMPLE 217: [2, 4, 5, 6, 1, 10, 9, 12, 13, 16, 18, 3, 14, 17, 7, 11, 15, 19, 20, 8]

SAMPLE 218: [1, 4, 3, 17, 5, 8, 10, 2, 13, 14, 12, 11, 16, 19, 9, 20, 6, 7, 18, 15]

SAMPLE 219: [5, 2, 4, 16, 10, 19, 9, 8, 13, 12, 15, 18, 11, 14, 1, 3, 6, 7, 17, 20]

SAMPLE 220: [1, 11, 10, 18, 5, 12, 16, 17, 7, 4, 13, 3, 8, 19, 14, 2, 6, 9, 15, 20]

SAMPLE 221: [15, 14, 1, 2, 4, 19, 7, 13, 8, 16, 10, 11, 17, 3, 12, 6, 5, 9, 18, 20]

SAMPLE 222: [14, 1, 4, 2, 20, 18, 17, 3, 9, 5, 11, 19, 13, 15, 10, 7, 8, 12, 16, 6]

SAMPLE 223: [1, 3, 5, 15, 12, 17, 2, 11, 6, 9, 10, 13, 7, 16, 18, 4, 8, 14, 19, 20]

SAMPLE 224: [12, 20, 13, 11, 19, 4, 5, 10, 15, 1, 2, 3, 6, 7, 8, 9, 14, 16, 17, 18]

SAMPLE 225: [8, 1, 2, 3, 18, 20, 11, 12, 9, 17, 16, 7, 6, 14, 13, 15, 4, 10, 19, 5]

SAMPLE 226: [1, 2, 5, 9, 13, 10, 14, 16, 6, 11, 15, 19, 3, 4, 7, 8, 12, 20, 17, 18]

SAMPLE 227: [1, 2, 3, 7, 19, 20, 5, 13, 11, 12, 17, 14, 16, 18, 9, 15, 4, 6, 8, 10]

SAMPLE 228: [5, 2, 1, 3, 11, 17, 20, 7, 18, 15, 4, 10, 14, 16, 19, 6, 8, 13, 9, 12]

SAMPLE 229: [17, 1, 5, 15, 16, 19, 13, 10, 2, 20, 9, 4, 3, 7, 12, 18, 11, 14, 8, 6]

SAMPLE 230: [1, 2, 3, 4, 5, 7, 9, 13, 8, 10, 11, 18, 14, 6, 12, 15, 16, 17, 19, 20]

SAMPLE 231: [15, 1, 2, 19, 13, 9, 14, 18, 10, 6, 12, 3, 4, 5, 17, 11, 7, 8, 16, 20]

SAMPLE 232: [13, 1, 12, 16, 19, 6, 15, 20, 4, 10, 11, 18, 8, 5, 7, 17, 14, 3, 9, 2]

SAMPLE 233: [2, 17, 13, 20, 9, 11, 6, 10, 8, 7, 15, 12, 1, 16, 3, 4, 5, 14, 18, 19]

SAMPLE 234: [1, 3, 11, 18, 6, 20, 2, 4, 7, 10, 15, 17, 19, 8, 5, 14, 9, 12, 16, 13]

SAMPLE 235: [19, 15, 1, 2, 5, 8, 11, 7, 13, 17, 18, 20, 10, 16, 14, 3, 9, 12, 4, 6]

SAMPLE 236: [1, 4, 2, 3, 5, 6, 14, 18, 11, 16, 19, 7, 9, 15, 8, 13, 17, 12, 10, 20]

SAMPLE 237: [1, 2, 3, 5, 15, 6, 12, 14, 10, 9, 13, 7, 16, 4, 8, 11, 17, 19, 18, 20]

SAMPLE 238: [2, 8, 3, 1, 17, 10, 15, 11, 20, 6, 13, 16, 18, 4, 7, 9, 19, 5, 14, 12]

SAMPLE 239: [19, 12, 13, 15, 11, 10, 17, 5, 8, 4, 16, 18, 14, 9, 7, 1, 3, 2, 6, 20]

SAMPLE 240: [1, 3, 14, 5, 2, 7, 8, 11, 13, 19, 18, 20, 6, 9, 10, 15, 16, 17, 12, 4]

SAMPLE 241: [2, 12, 8, 16, 15, 1, 6, 9, 19, 20, 10, 13, 3, 11, 5, 7, 14, 18, 17, 4]

SAMPLE 242: [1, 11, 17, 4, 19, 9, 10, 16, 15, 5, 13, 18, 2, 8, 12, 3, 7, 6, 14, 20]

SAMPLE 243: [1, 7, 2, 18, 20, 16, 6, 14, 12, 13, 15, 4, 8, 11, 5, 10, 19, 17, 9, 3]

SAMPLE 244: [2, 7, 5, 1, 11, 15, 3, 8, 14, 17, 18, 19, 9, 20, 12, 16, 10, 13, 4, 6]

SAMPLE 245: [1, 15, 20, 2, 3, 4, 5, 11, 16, 19, 10, 18, 17, 12, 13, 14, 6, 7, 8, 9]

SAMPLE 246: [1, 13, 4, 7, 8, 16, 17, 14, 11, 9, 15, 19, 10, 3, 5, 6, 18, 20, 12, 2]

SAMPLE 247: [17, 13, 6, 1, 10, 14, 11, 7, 19, 15, 2, 12, 3, 4, 5, 9, 8, 16, 18, 20]

SAMPLE 248: [2, 13, 11, 1, 20, 6, 16, 3, 5, 9, 10, 14, 12, 19, 7, 17, 18, 8, 15, 4]

SAMPLE 249: [1, 2, 6, 3, 8, 20, 15, 19, 12, 13, 16, 10, 7, 4, 5, 9, 11, 14, 18, 17]

SAMPLE 250: [3, 2, 15, 9, 1, 5, 12, 20, 17, 16, 10, 8, 7, 6, 14, 4, 11, 18, 19, 13]

SAMPLE 251: [19, 4, 8, 13, 16, 10, 5, 1, 9, 18, 15, 3, 14, 17, 11, 12, 2, 20, 6, 7]

SAMPLE 252: [1, 3, 17, 19, 10, 18, 12, 6, 9, 13, 14, 20, 2, 11, 16, 15, 4, 8, 5, 7]

SAMPLE 253: [1, 13, 15, 16, 20, 4, 3, 7, 17, 10, 14, 8, 5, 18, 19, 6, 11, 2, 9, 12]

SAMPLE 254: [1, 11, 12, 19, 16, 6, 8, 10, 15, 4, 7, 9, 17, 14, 2, 3, 5, 13, 18, 20]

SAMPLE 255: [1, 5, 15, 20, 9, 13, 19, 18, 10, 11, 17, 2, 4, 8, 16, 14, 3, 6, 7, 12]

SAMPLE 256: [1, 12, 16, 17, 4, 5, 6, 9, 13, 14, 15, 18, 19, 2, 7, 10, 20, 11, 8, 3]

SAMPLE 257: [1, 3, 16, 20, 6, 8, 14, 19, 7, 2, 4, 9, 15, 17, 18, 12, 11, 5, 10, 13]

SAMPLE 258: [3, 5, 19, 1, 15, 13, 20, 4, 6, 9, 18, 17, 14, 12, 11, 8, 10, 16, 7, 2]

SAMPLE 259: [1, 4, 17, 2, 10, 18, 14, 16, 19, 8, 15, 7, 9, 11, 13, 3, 5, 6, 12, 20]

SAMPLE 260: [1, 2, 12, 7, 14, 19, 9, 20, 6, 13, 18, 10, 17, 15, 16, 4, 5, 8, 11, 3]

SAMPLE 261: [1, 2, 7, 13, 4, 6, 5, 14, 15, 3, 10, 11, 12, 19, 16, 17, 9, 20, 8, 18]

SAMPLE 262: [4, 6, 9, 12, 1, 2, 3, 17, 18, 5, 10, 16, 13, 20, 8, 11, 15, 7, 14, 19]

SAMPLE 263: [1, 6, 3, 8, 12, 15, 2, 4, 7, 14, 10, 11, 13, 16, 17, 19, 18, 20, 5, 9]

SAMPLE 264: [1, 2, 3, 4, 5, 11, 19, 16, 6, 10, 8, 9, 12, 13, 14, 17, 18, 20, 7, 15]

SAMPLE 265: [1, 10, 9, 8, 2, 3, 4, 5, 16, 17, 12, 15, 14, 18, 7, 11, 13, 6, 19, 20]

SAMPLE 266: [4, 7, 1, 9, 10, 12, 15, 3, 5, 16, 19, 2, 6, 8, 11, 13, 14, 18, 17, 20]

SAMPLE 267: [1, 2, 8, 18, 10, 16, 9, 15, 13, 11, 14, 17, 3, 4, 5, 6, 7, 12, 19, 20]

SAMPLE 268: [1, 2, 3, 5, 11, 12, 4, 18, 19, 16, 9, 14, 15, 17, 20, 6, 8, 13, 7, 10]

SAMPLE 269: [1, 2, 3, 12, 13, 14, 8, 11, 9, 15, 16, 20, 5, 19, 4, 7, 10, 6, 17, 18]

SAMPLE 270: [20, 16, 17, 2, 3, 9, 11, 13, 19, 18, 14, 8, 1, 4, 5, 6, 7, 10, 12, 15]

SAMPLE 271: [1, 2, 3, 10, 17, 20, 9, 13, 18, 19, 4, 5, 8, 15, 7, 11, 12, 14, 6, 16]

SAMPLE 272: [4, 5, 12, 10, 7, 8, 16, 20, 1, 11, 17, 19, 9, 18, 2, 3, 6, 13, 14, 15]

SAMPLE 273: [14, 13, 19, 10, 2, 16, 1, 9, 5, 17, 18, 20, 15, 3, 4, 6, 7, 8, 11, 12]

SAMPLE 274: [1, 5, 11, 16, 12, 4, 20, 2, 3, 7, 14, 15, 9, 10, 17, 13, 6, 18, 19, 8]

SAMPLE 275: [1, 3, 18, 10, 6, 2, 7, 19, 20, 12, 11, 17, 5, 15, 8, 13, 16, 4, 14, 9]

SAMPLE 276: [14, 17, 20, 1, 2, 3, 4, 7, 10, 18, 11, 13, 15, 5, 6, 9, 8, 12, 16, 19]

SAMPLE 277: [1, 10, 7, 17, 19, 20, 15, 9, 13, 4, 16, 11, 18, 3, 2, 5, 6, 8, 12, 14]

SAMPLE 278: [1, 15, 14, 19, 11, 20, 3, 2, 10, 18, 13, 17, 5, 12, 16, 4, 6, 7, 8, 9]

SAMPLE 279: [2, 3, 12, 6, 13, 17, 20, 1, 9, 10, 18, 15, 16, 11, 8, 19, 7, 4, 5, 14]

SAMPLE 280: [1, 2, 12, 17, 20, 15, 11, 9, 19, 8, 14, 16, 3, 10, 18, 13, 7, 4, 5, 6]

SAMPLE 281: [4, 8, 19, 11, 18, 20, 5, 10, 13, 1, 2, 12, 16, 17, 6, 7, 15, 3, 9, 14]

SAMPLE 282: [1, 6, 20, 2, 4, 3, 7, 8, 9, 12, 13, 14, 15, 17, 19, 5, 18, 11, 10, 16]

SAMPLE 283: [1, 3, 15, 12, 7, 13, 20, 17, 19, 8, 9, 18, 11, 5, 14, 10, 2, 4, 6, 16]

SAMPLE 284: [1, 2, 3, 13, 14, 19, 18, 20, 15, 12, 17, 16, 5, 6, 7, 9, 10, 11, 4, 8]

SAMPLE 285: [1, 5, 16, 11, 10, 3, 2, 9, 19, 18, 15, 12, 8, 4, 14, 13, 20, 17, 6, 7]

SAMPLE 286: [1, 2, 15, 7, 20, 5, 13, 10, 19, 3, 4, 6, 11, 12, 16, 17, 18, 8, 9, 14]

SAMPLE 287: [4, 3, 1, 5, 13, 19, 17, 11, 12, 8, 10, 20, 16, 18, 14, 15, 6, 2, 7, 9]

SAMPLE 288: [6, 4, 15, 1, 2, 3, 16, 5, 9, 10, 17, 7, 13, 11, 18, 14, 8, 19, 12, 20]

SAMPLE 289: [1, 4, 3, 2, 10, 7, 12, 15, 9, 19, 11, 14, 13, 16, 20, 17, 5, 6, 8, 18]

SAMPLE 290: [1, 2, 3, 4, 7, 9, 15, 8, 11, 17, 6, 12, 13, 18, 16, 5, 19, 20, 10, 14]

SAMPLE 291: [1, 13, 2, 5, 8, 18, 12, 9, 10, 15, 14, 17, 19, 6, 7, 11, 16, 4, 3, 20]

SAMPLE 292: [2, 1, 6, 10, 7, 3, 4, 5, 8, 9, 11, 12, 19, 13, 17, 14, 15, 18, 16, 20]

SAMPLE 293: [2, 5, 16, 1, 6, 8, 17, 10, 4, 12, 19, 20, 13, 15, 18, 3, 7, 9, 11, 14]

SAMPLE 294: [1, 3, 5, 10, 11, 17, 7, 9, 20, 16, 18, 2, 4, 6, 8, 19, 12, 14, 15, 13]

SAMPLE 295: [1, 2, 3, 17, 5, 6, 7, 16, 19, 9, 12, 15, 18, 14, 20, 11, 10, 4, 8, 13]

SAMPLE 296: [1, 3, 5, 8, 9, 13, 4, 6, 18, 2, 10, 7, 11, 12, 16, 19, 15, 17, 14, 20]

SAMPLE 297: [4, 1, 11, 14, 15, 16, 2, 6, 20, 13, 9, 5, 3, 7, 12, 19, 18, 8, 10, 17]

SAMPLE 298: [3, 2, 8, 16, 10, 1, 9, 13, 11, 4, 15, 5, 6, 7, 20, 19, 18, 14, 12, 17]

SAMPLE 299: [1, 5, 15, 19, 4, 13, 2, 3, 6, 16, 12, 20, 17, 11, 14, 7, 8, 9, 10, 18]

SAMPLE 300: [1, 5, 14, 2, 4, 13, 20, 15, 3, 8, 19, 18, 11, 12, 10, 17, 9, 16, 7, 6]

SAMPLE 301: [1, 18, 12, 15, 9, 3, 13, 2, 4, 7, 10, 20, 11, 5, 8, 14, 6, 17, 19, 16]

SAMPLE 302: [1, 3, 2, 6, 7, 8, 5, 11, 12, 13, 9, 16, 19, 17, 10, 14, 4, 15, 18, 20]

SAMPLE 303: [1, 2, 20, 16, 5, 4, 3, 17, 7, 6, 15, 12, 11, 14, 10, 18, 19, 9, 8, 13]

SAMPLE 304: [19, 17, 16, 2, 15, 9, 20, 10, 13, 3, 11, 18, 5, 6, 8, 7, 1, 4, 14, 12]

SAMPLE 305: [11, 1, 4, 14, 8, 7, 15, 6, 16, 3, 9, 13, 12, 19, 18, 2, 10, 20, 5, 17]

SAMPLE 306: [1, 14, 15, 9, 7, 17, 11, 20, 10, 13, 4, 8, 2, 18, 12, 5, 6, 16, 19, 3]

SAMPLE 307: [18, 5, 9, 13, 4, 6, 17, 3, 7, 12, 19, 15, 16, 8, 20, 1, 11, 10, 14, 2]

SAMPLE 308: [1, 2, 20, 12, 18, 4, 9, 8, 5, 7, 11, 16, 10, 3, 13, 6, 14, 17, 19, 15]

SAMPLE 309: [1, 2, 3, 7, 16, 11, 4, 6, 9, 8, 5, 13, 12, 18, 19, 14, 15, 10, 17, 20]

SAMPLE 310: [1, 16, 10, 8, 12, 3, 13, 19, 17, 2, 9, 18, 14, 11, 5, 20, 7, 15, 4, 6]

SAMPLE 311: [1, 2, 6, 10, 7, 17, 9, 12, 14, 18, 15, 3, 11, 19, 20, 16, 8, 5, 4, 13]

SAMPLE 312: [3, 5, 20, 2, 12, 18, 7, 11, 17, 15, 13, 1, 4, 6, 9, 8, 16, 14, 19, 10]

SAMPLE 313: [15, 18, 20, 2, 5, 10, 14, 8, 17, 1, 3, 4, 9, 19, 7, 11, 12, 13, 16, 6]

SAMPLE 314: [10, 14, 16, 17, 4, 1, 9, 8, 11, 12, 2, 3, 20, 15, 13, 18, 19, 6, 7, 5]

SAMPLE 315: [20, 2, 1, 17, 19, 6, 3, 4, 8, 11, 12, 13, 14, 15, 16, 18, 5, 7, 9, 10]

SAMPLE 316: [4, 11, 1, 2, 3, 19, 20, 17, 13, 8, 15, 9, 5, 6, 18, 16, 12, 14, 10, 7]

SAMPLE 317: [4, 9, 15, 20, 18, 6, 8, 1, 3, 2, 7, 10, 17, 16, 13, 12, 5, 11, 19, 14]

SAMPLE 318: [1, 19, 14, 17, 11, 13, 5, 20, 3, 6, 16, 18, 2, 4, 10, 15, 12, 8, 9, 7]

SAMPLE 319: [3, 17, 16, 20, 15, 14, 10, 12, 9, 5, 4, 18, 1, 11, 13, 19, 8, 6, 7, 2]

SAMPLE 320: [1, 2, 3, 15, 6, 4, 14, 16, 13, 5, 20, 11, 8, 9, 17, 10, 12, 7, 18, 19]

SAMPLE 321: [20, 15, 17, 13, 11, 3, 10, 2, 5, 14, 19, 1, 12, 16, 7, 18, 9, 8, 6, 4]

SAMPLE 322: [1, 20, 15, 4, 19, 18, 17, 2, 3, 6, 13, 5, 9, 16, 14, 7, 8, 11, 12, 10]

SAMPLE 323: [1, 2, 3, 20, 16, 13, 18, 7, 4, 5, 8, 9, 10, 12, 19, 14, 15, 17, 6, 11]

SAMPLE 324: [16, 6, 7, 1, 2, 15, 18, 4, 5, 8, 17, 3, 20, 11, 19, 13, 9, 14, 12, 10]
--- SAMPLE 325 --- [1, 19, 13, 14, 20, 8, 17, 3, 2, 9, 6, 15, 7, 18, 10, 11, 4, 16, 5, 12]

--- SAMPLE 326 --- [1, 13, 19, 7, 17, 10, 20, 14, 2, 5, 12, 3, 4, 8, 6, 11, 15, 18, 16, 9]

--- SAMPLE 327 --- [2, 8, 5, 14, 13, 20, 7, 3, 15, 16, 11, 17, 1, 4, 12, 18, 19, 9, 10, 6]

--- SAMPLE 328 --- [7, 8, 4, 11, 20, 5, 3, 19, 9, 14, 13, 18, 6, 1, 2, 10, 16, 12, 17, 15]

--- SAMPLE 329 --- [11, 1, 14, 19, 20, 17, 10, 5, 6, 13, 16, 4, 9, 8, 12, 3, 2, 7, 18, 15]

--- SAMPLE 330 --- [12, 13, 11, 16, 5, 6, 18, 8, 4, 2, 1, 19, 15, 17, 20, 10, 9, 7, 3, 14]

--- SAMPLE 331 --- [1, 5, 10, 3, 11, 16, 15, 7, 6, 9, 18, 19, 4, 14, 2, 12, 13, 17, 8, 20]

--- SAMPLE 332 --- [13, 1, 5, 4, 15, 10, 8, 20, 3, 2, 6, 18, 9, 14, 11, 12, 17, 7, 19, 16]

--- SAMPLE 333 --- [14, 17, 19, 5, 2, 1, 3, 4, 15, 18, 10, 6, 7, 9, 13, 20, 11, 16, 8, 12]

--- SAMPLE 334 --- [1, 3, 16, 20, 8, 15, 11, 6, 12, 5, 18, 13, 17, 7, 10, 19, 9, 2, 4, 14]

--- SAMPLE 335 --- [4, 11, 1, 6, 9, 12, 7, 16, 10, 17, 18, 5, 13, 2, 3, 14, 20, 8, 15, 19]

--- SAMPLE 336 --- [9, 8, 14, 16, 15, 1, 2, 5, 10, 18, 3, 7, 4, 11, 12, 13, 6, 17, 19, 20]

--- SAMPLE 337 --- [2, 5, 12, 14, 15, 16, 8, 11, 1, 13, 7, 9, 10, 18, 19, 3, 4, 6, 17, 20]

--- SAMPLE 338 --- [12, 19, 20, 14, 11, 13, 16, 15, 5, 6, 17, 2, 3, 8, 7, 4, 1, 10, 18, 9]

--- SAMPLE 339 --- [8, 11, 12, 19, 4, 20, 13, 10, 1, 2, 9, 17, 18, 16, 15, 5, 6, 7, 14, 3]

--- SAMPLE 340 --- [20, 19, 18, 17, 16, 6, 7, 9, 12, 1, 5, 2, 4, 8, 13, 15, 14, 10, 3, 11]

--- SAMPLE 341 --- [3, 1, 2, 5, 16, 15, 7, 8, 13, 12, 6, 9, 11, 14, 4, 18, 17, 19, 10, 20]

--- SAMPLE 342 --- [8, 16, 11, 20, 18, 12, 17, 15, 4, 6, 2, 3, 1, 5, 9, 13, 19, 7, 14, 10]

--- SAMPLE 343 --- [5, 20, 1, 19, 8, 10, 15, 13, 16, 9, 12, 2, 3, 4, 14, 17, 6, 7, 11, 18]

--- SAMPLE 344 --- [2, 6, 18, 9, 10, 13, 1, 14, 19, 8, 17, 4, 5, 12, 15, 3, 20, 11, 7, 16]

--- SAMPLE 345 --- [3, 6, 11, 20, 9, 1, 10, 14, 13, 17, 15, 19, 18, 16, 7, 8, 5, 4, 2, 12]

--- SAMPLE 346 --- [1, 10, 16, 11, 17, 2, 14, 9, 19, 5, 8, 6, 15, 7, 13, 12, 18, 4, 3, 20]

--- SAMPLE 347 --- [10, 16, 8, 13, 15, 6, 7, 9, 5, 18, 17, 12, 14, 11, 1, 4, 2, 3, 19, 20]

--- SAMPLE 348 --- [2, 1, 11, 12, 19, 20, 4, 18, 16, 7, 9, 8, 5, 10, 6, 13, 17, 3, 14, 15]

--- SAMPLE 349 --- [1, 13, 18, 7, 17, 12, 9, 4, 8, 2, 11, 6, 10, 16, 15, 14, 19, 5, 3, 20]

--- SAMPLE 350 --- [17, 19, 11, 13, 16, 1, 2, 3, 4, 8, 20, 5, 6, 7, 14, 12, 18, 10, 9, 15]

--- SAMPLE 351 --- [13, 10, 11, 17, 1, 4, 19, 18, 6, 7, 2, 5, 3, 9, 8, 15, 20, 12, 14, 16]

--- SAMPLE 352 --- [4, 5, 2, 1, 10, 12, 11, 6, 7, 18, 19, 14, 3, 13, 20, 16, 15, 8, 9, 17]

--- SAMPLE 353 --- [1, 3, 2, 5, 20, 7, 17, 18, 11, 8, 14, 10, 6, 13, 16, 15, 12, 4, 19, 9]

--- SAMPLE 354 --- [20, 11, 1, 12, 14, 4, 5, 6, 18, 16, 3, 13, 19, 10, 15, 17, 2, 7, 8, 9]

--- SAMPLE 355 --- [4, 17, 2, 8, 1, 3, 7, 18, 5, 20, 12, 15, 9, 14, 10, 13, 19, 6, 11, 16]

--- SAMPLE 356 --- [1, 3, 2, 10, 16, 17, 8, 12, 19, 14, 4, 13, 20, 11, 15, 7, 9, 5, 6, 18]

--- SAMPLE 357 --- [6, 4, 1, 18, 16, 8, 14, 19, 17, 10, 3, 7, 5, 9, 12, 13, 11, 15, 2, 20]

--- SAMPLE 358 --- [2, 15, 12, 8, 14, 6, 11, 16, 20, 1, 9, 13, 5, 18, 10, 19, 4, 7, 17, 3]

--- SAMPLE 359 --- [12, 18, 9, 4, 1, 10, 13, 15, 19, 11, 20, 3, 8, 16, 17, 5, 2, 14, 7, 6]

--- SAMPLE 360 --- [8, 9, 2, 7, 4, 1, 14, 12, 20, 16, 19, 17, 6, 18, 15, 11, 10, 13, 5, 3]

--- SAMPLE 361 --- [4, 1, 15, 20, 12, 19, 8, 17, 10, 5, 7, 18, 9, 13, 14, 11, 16, 2, 3, 6]

--- SAMPLE 362 --- [4, 2, 1, 11, 19, 16, 12, 8, 10, 5, 17, 6, 3, 20, 14, 7, 9, 13, 15, 18]

--- SAMPLE 363 --- [5, 4, 13, 16, 18, 17, 11, 2, 1, 12, 19, 20, 10, 14, 15, 6, 7, 3, 9, 8]

--- SAMPLE 364 --- [2, 3, 5, 11, 10, 7, 1, 4, 9, 12, 20, 17, 19, 18, 13, 15, 14, 16, 8, 6]

--- SAMPLE 365 --- [2, 8, 18, 16, 4, 6, 14, 17, 19, 12, 20, 11, 1, 5, 10, 15, 13, 3, 7, 9]

--- SAMPLE 366 --- [1, 20, 8, 14, 19, 16, 7, 17, 4, 6, 10, 11, 12, 9, 13, 15, 2, 18, 3, 5]

--- SAMPLE 367 --- [1, 3, 13, 7, 6, 9, 10, 18, 19, 20, 17, 12, 4, 16, 15, 2, 11, 5, 14, 8]

--- SAMPLE 368 --- [7, 5, 10, 15, 19, 14, 1, 2, 3, 6, 18, 8, 17, 16, 9, 4, 11, 20, 12, 13]

--- SAMPLE 369 --- [6, 5, 17, 1, 3, 16, 14, 11, 10, 2, 15, 19, 13, 12, 18, 4, 7, 8, 9, 20]

--- SAMPLE 370 --- [2, 10, 8, 6, 13, 16, 3, 9, 12, 17, 7, 1, 5, 15, 14, 20, 18, 19, 11, 4]

--- SAMPLE 371 --- [1, 2, 11, 16, 6, 12, 13, 3, 14, 15, 17, 18, 5, 19, 20, 4, 7, 8, 10, 9]

--- SAMPLE 372 --- [5, 4, 7, 1, 11, 13, 15, 17, 18, 10, 12, 6, 8, 20, 2, 3, 19, 9, 14, 16]

--- SAMPLE 373 --- [13, 1, 5, 7, 10, 6, 16, 9, 2, 3, 20, 14, 12, 19, 18, 4, 8, 11, 15, 17]

--- SAMPLE 374 --- [20, 1, 2, 4, 5, 8, 6, 16, 13, 12, 18, 17, 19, 9, 7, 10, 15, 3, 11, 14]

--- SAMPLE 375 --- [3, 7, 2, 4, 5, 8, 15, 12, 14, 19, 20, 18, 1, 6, 16, 10, 11, 17, 13, 9]

--- SAMPLE 376 --- [1, 2, 3, 8, 13, 7, 19, 12, 16, 14, 9, 4, 20, 11, 15, 10, 17, 18, 5, 6]

--- SAMPLE 377 --- [14, 15, 11, 4, 8, 1, 7, 10, 12, 13, 9, 20, 19, 5, 6, 2, 16, 17, 18, 3]

--- SAMPLE 378 --- [5, 2, 3, 20, 10, 6, 12, 9, 1, 13, 8, 7, 4, 14, 15, 11, 18, 19, 16, 17]

--- SAMPLE 379 --- [4, 11, 13, 7, 17, 18, 20, 1, 8, 16, 2, 9, 5, 10, 3, 12, 15, 14, 19, 6]

--- SAMPLE 380 --- [1, 2, 9, 5, 7, 8, 11, 18, 4, 6, 14, 20, 10, 16, 19, 12, 13, 17, 3, 15]

--- SAMPLE 381 --- [2, 4, 1, 10, 7, 12, 11, 14, 15, 18, 19, 16, 5, 6, 9, 17, 20, 8, 3, 13]

--- SAMPLE 382 --- [4, 3, 8, 19, 1, 2, 6, 17, 7, 5, 10, 11, 13, 15, 20, 18, 14, 9, 12, 16]

--- SAMPLE 383 --- [1, 19, 13, 20, 7, 17, 11, 5, 10, 16, 3, 4, 8, 9, 2, 14, 15, 12, 18, 6]

--- SAMPLE 384 --- [10, 4, 5, 6, 14, 15, 2, 1, 7, 8, 13, 11, 12, 3, 9, 20, 19, 18, 16, 17]

--- SAMPLE 385 --- [2, 1, 4, 12, 18, 17, 6, 9, 10, 14, 15, 7, 8, 11, 16, 19, 3, 5, 13, 20]

--- SAMPLE 386 --- [4, 3, 5, 8, 13, 19, 20, 15, 7, 10, 6, 17, 12, 18, 1, 2, 11, 14, 16, 9]

--- SAMPLE 387 --- [1, 14, 6, 7, 8, 17, 13, 2, 3, 9, 19, 20, 10, 11, 4, 5, 15, 18, 12, 16]

--- SAMPLE 388 --- [20, 12, 14, 2, 3, 5, 10, 18, 19, 13, 11, 1, 6, 7, 15, 16, 4, 17, 9, 8]

--- SAMPLE 389 --- [4, 1, 9, 2, 13, 15, 17, 18, 8, 20, 5, 10, 14, 7, 3, 6, 11, 12, 16, 19]

--- SAMPLE 390 --- [12, 13, 15, 16, 19, 6, 18, 5, 8, 10, 7, 4, 14, 20, 9, 3, 2, 1, 11, 17]

--- SAMPLE 391 --- [4, 15, 20, 16, 8, 6, 3, 12, 18, 14, 17, 7, 1, 2, 5, 11, 10, 13, 19, 9]

--- SAMPLE 392 --- [3, 5, 9, 13, 19, 14, 17, 7, 11, 4, 15, 1, 6, 20, 12, 16, 2, 8, 18, 10]

--- SAMPLE 393 --- [1, 3, 7, 9, 6, 19, 20, 11, 17, 15, 16, 2, 4, 5, 10, 12, 13, 14, 18, 8]

--- SAMPLE 394 --- [16, 18, 20, 17, 2, 19, 14, 12, 15, 1, 3, 7, 6, 9, 11, 13, 4, 5, 8, 10]

--- SAMPLE 395 --- [1, 20, 11, 19, 18, 2, 3, 4, 5, 17, 6, 7, 8, 9, 10, 16, 12, 13, 14, 15]

--- SAMPLE 396 --- [8, 13, 12, 15, 5, 4, 7, 11, 3, 10, 9, 14, 16, 20, 17, 18, 2, 6, 1, 19]

--- SAMPLE 397 --- [15, 13, 1, 5, 4, 7, 9, 14, 17, 2, 3, 10, 19, 11, 12, 20, 18, 16, 8, 6]

--- SAMPLE 398 --- [3, 6, 1, 5, 9, 11, 20, 19, 10, 18, 2, 15, 4, 7, 8, 13, 16, 17, 12, 14]

--- SAMPLE 399 --- [2, 4, 1, 8, 17, 19, 6, 3, 12, 13, 18, 15, 14, 9, 16, 7, 11, 20, 5, 10]

--- SAMPLE 400 --- [10, 16, 11, 19, 12, 1, 17, 15, 7, 2, 5, 6, 9, 13, 3, 4, 8, 14, 20, 18]

--- SAMPLE 401 --- [1, 12, 20, 17, 15, 9, 11, 5, 6, 2, 3, 10, 14, 7, 18, 19, 4, 8, 13, 16]

--- SAMPLE 402 --- [1, 18, 19, 11, 16, 14, 9, 12, 6, 10, 20, 5, 2, 4, 7, 15, 17, 3, 8, 13]

--- SAMPLE 403 --- [9, 11, 7, 17, 13, 18, 15, 12, 5, 4, 2, 20, 14, 10, 19, 16, 8, 6, 3, 1]

--- SAMPLE 404 --- [5, 20, 8, 15, 4, 17, 9, 14, 7, 3, 1, 11, 16, 10, 19, 2, 6, 12, 13, 18]

--- SAMPLE 405 --- [17, 19, 14, 15, 18, 1, 2, 4, 7, 8, 9, 10, 13, 20, 3, 11, 16, 6, 12, 5]

--- SAMPLE 406 --- [1, 6, 5, 3, 4, 16, 9, 11, 18, 15, 20, 2, 7, 10, 12, 13, 14, 17, 8, 19]

--- SAMPLE 407 --- [1, 16, 18, 15, 14, 19, 3, 5, 13, 20, 17, 2, 4, 6, 7, 8, 9, 11, 12, 10]

--- SAMPLE 408 --- [1, 2, 15, 10, 14, 12, 13, 17, 19, 20, 3, 4, 5, 6, 7, 8, 9, 11, 16, 18]

--- SAMPLE 409 --- [1, 8, 9, 17, 18, 20, 2, 3, 4, 6, 7, 14, 16, 11, 19, 15, 12, 10, 5, 13]

--- SAMPLE 410 --- [2, 17, 14, 3, 1, 4, 12, 13, 15, 10, 16, 20, 5, 6, 7, 8, 9, 11, 18, 19]

--- SAMPLE 411 --- [20, 19, 17, 16, 1, 7, 10, 11, 18, 15, 14, 4, 5, 8, 9, 3, 6, 12, 13, 2]

--- SAMPLE 412 --- [20, 16, 13, 11, 15, 7, 9, 10, 2, 3, 17, 4, 12, 5, 6, 8, 14, 1, 18, 19]

--- SAMPLE 413 --- [1, 6, 4, 7, 11, 2, 5, 15, 8, 16, 10, 3, 12, 13, 17, 18, 19, 9, 14, 20]

--- SAMPLE 414 --- [1, 2, 17, 5, 4, 11, 10, 14, 16, 19, 3, 15, 20, 9, 7, 12, 13, 18, 6, 8]

--- SAMPLE 415 --- [1, 2, 17, 18, 8, 11, 19, 12, 7, 3, 4, 5, 6, 13, 15, 20, 10, 16, 9, 14]

--- SAMPLE 416 --- [1, 5, 2, 14, 15, 4, 10, 12, 20, 6, 3, 13, 18, 16, 7, 8, 9, 11, 17, 19]

--- SAMPLE 417 --- [4, 12, 5, 7, 13, 15, 16, 17, 8, 9, 20, 1, 2, 3, 6, 10, 11, 14, 18, 19]

--- SAMPLE 418 --- [1, 2, 5, 3, 4, 12, 19, 17, 11, 15, 20, 10, 16, 13, 14, 6, 7, 8, 9, 18]

--- SAMPLE 419 --- [1, 12, 6, 20, 2, 3, 4, 9, 10, 13, 11, 18, 15, 8, 16, 5, 14, 7, 17, 19]

--- SAMPLE 420 --- [1, 3, 2, 5, 14, 17, 7, 8, 11, 12, 15, 19, 9, 6, 4, 16, 13, 10, 18, 20]

--- SAMPLE 421 --- [2, 19, 17, 12, 14, 10, 1, 7, 9, 11, 13, 15, 4, 6, 8, 16, 18, 3, 5, 20]

--- SAMPLE 422 --- [1, 2, 4, 5, 7, 3, 20, 8, 10, 11, 18, 16, 19, 9, 17, 12, 13, 14, 15, 6]

--- SAMPLE 423 --- [2, 6, 7, 9, 14, 1, 12, 17, 20, 4, 10, 11, 13, 15, 18, 19, 16, 3, 5, 8]

--- SAMPLE 424 --- [1, 2, 13, 19, 20, 4, 5, 6, 7, 9, 8, 10, 12, 3, 11, 14, 15, 16, 17, 18]

--- SAMPLE 425 --- [10, 13, 15, 16, 20, 4, 5, 6, 9, 8, 11, 18, 12, 14, 1, 2, 3, 7, 17, 19]

--- SAMPLE 426 --- [1, 4, 5, 6, 11, 15, 3, 20, 14, 7, 10, 13, 16, 18, 8, 17, 9, 19, 12, 2]

--- SAMPLE 427 --- [1, 3, 7, 14, 19, 9, 17, 18, 4, 8, 2, 20, 10, 11, 12, 16, 5, 6, 13, 15]

--- SAMPLE 428 --- [18, 6, 7, 12, 5, 9, 16, 10, 1, 14, 8, 3, 4, 11, 17, 2, 15, 13, 19, 20]

--- SAMPLE 429 --- [4, 1, 5, 7, 10, 15, 17, 12, 18, 3, 2, 9, 6, 16, 13, 19, 14, 11, 8, 20]

--- SAMPLE 430 --- [7, 12, 1, 13, 11, 16, 5, 15, 2, 14, 6, 9, 10, 4, 8, 3, 17, 20, 19, 18]

--- SAMPLE 431 --- [5, 8, 11, 2, 6, 9, 13, 14, 15, 16, 1, 4, 7, 17, 12, 19, 10, 18, 20, 3]

--- SAMPLE 432 --- [5, 1, 4, 8, 14, 7, 10, 17, 18, 2, 16, 11, 13, 6, 9, 12, 15, 19, 20, 3]

--- SAMPLE 433 --- [1, 2, 3, 5, 11, 12, 16, 17, 18, 20, 8, 9, 10, 14, 19, 4, 6, 13, 15, 7]

--- SAMPLE 434 --- [1, 10, 11, 14, 20, 3, 12, 9, 5, 13, 16, 2, 7, 6, 18, 19, 4, 8, 15, 17]

--- SAMPLE 435 --- [8, 3, 2, 5, 6, 16, 17, 19, 10, 12, 13, 11, 4, 9, 14, 15, 18, 1, 7, 20]

--- SAMPLE 436 --- [10, 12, 2, 3, 8, 1, 20, 13, 16, 4, 19, 17, 9, 7, 6, 5, 11, 18, 14, 15]

--- SAMPLE 437 --- [2, 5, 6, 13, 1, 7, 9, 11, 19, 20, 4, 14, 15, 3, 8, 16, 17, 10, 12, 18]

--- SAMPLE 438 --- [1, 3, 15, 5, 11, 13, 17, 2, 4, 7, 8, 9, 10, 12, 14, 16, 19, 20, 6, 18]

--- SAMPLE 439 --- [1, 17, 18, 15, 3, 5, 12, 13, 16, 19, 6, 2, 14, 7, 9, 11, 4, 10, 8, 20]

--- SAMPLE 440 --- [1, 9, 19, 3, 5, 8, 14, 16, 20, 2, 10, 18, 15, 13, 12, 4, 17, 6, 7, 11]

--- SAMPLE 441 --- [6, 13, 2, 5, 16, 17, 1, 3, 11, 12, 14, 19, 18, 20, 15, 9, 10, 4, 7, 8]

--- SAMPLE 442 --- [1, 11, 12, 5, 9, 16, 14, 2, 3, 4, 8, 18, 20, 10, 15, 17, 19, 7, 13, 6]

--- SAMPLE 443 --- [6, 18, 20, 9, 14, 16, 12, 19, 11, 2, 3, 4, 10, 13, 15, 1, 7, 8, 5, 17]

--- SAMPLE 444 --- [1, 2, 3, 14, 18, 19, 16, 9, 7, 12, 10, 15, 4, 5, 13, 11, 8, 17, 6, 20]

--- SAMPLE 445 --- [7, 3, 5, 6, 15, 19, 1, 12, 13, 14, 17, 2, 4, 9, 10, 11, 16, 20, 8, 18]

--- SAMPLE 446 --- [3, 5, 7, 1, 4, 9, 10, 15, 18, 20, 2, 8, 11, 12, 13, 14, 16, 17, 19, 6]

--- SAMPLE 447 --- [3, 14, 12, 20, 16, 5, 7, 1, 2, 4, 13, 18, 19, 6, 10, 8, 9, 15, 11, 17]

--- SAMPLE 448 --- [6, 1, 3, 4, 5, 11, 14, 20, 13, 18, 8, 15, 9, 16, 19, 10, 12, 17, 2, 7]

--- SAMPLE 449 --- [1, 7, 11, 13, 15, 16, 6, 12, 10, 14, 19, 17, 8, 18, 20, 15, 2, 3, 4, 5]

--- SAMPLE 450 --- [7, 17, 10, 3, 15, 8, 20, 1, 5, 18, 14, 16, 19, 6, 4, 11, 12, 13, 2, 9]

--- SAMPLE 451 --- [3, 9, 12, 15, 17, 2, 4, 5, 8, 10, 13, 20, 1, 7, 6, 19, 11, 14, 16, 18]

--- SAMPLE 452 --- [1, 5, 14, 8, 19, 20, 13, 17, 12, 4, 6, 11, 10, 2, 18, 3, 9, 15, 16, 7]

--- SAMPLE 453 --- [3, 4, 6, 7, 20, 1, 2, 8, 9, 11, 16, 19, 13, 12, 15, 5, 10, 17, 18, 14]

--- SAMPLE 454 --- [1, 6, 8, 9, 11, 17, 12, 13, 18, 20, 16, 3, 4, 10, 14, 15, 2, 5, 19, 7]

--- SAMPLE 455 --- [1, 2, 16, 11, 15, 17, 8, 20, 10, 18, 3, 5, 7, 14, 19, 4, 13, 9, 12, 6]

--- SAMPLE 456 --- [1, 4, 19, 20, 11, 12, 14, 15, 2, 3, 6, 7, 9, 16, 17, 10, 8, 13, 18, 5]

--- SAMPLE 457 --- [6, 10, 14, 19, 16, 20, 7, 17, 1, 15, 3, 13, 4, 11, 2, 9, 12, 5, 18, 8]

--- SAMPLE 458 --- [2, 10, 15, 16, 19, 20, 3, 8, 9, 1, 7, 12, 17, 13, 14, 4, 5, 6, 11, 18]

--- SAMPLE 459 --- [8, 11, 14, 16, 18, 5, 7, 1, 3, 2, 4, 6, 9, 15, 17, 10, 20, 12, 13, 19]

--- SAMPLE 460 --- [1, 5, 7, 12, 13, 20, 3, 2, 8, 16, 4, 19, 6, 9, 11, 14, 18, 10, 17, 15]

--- SAMPLE 461 --- [4, 7, 1, 5, 6, 15, 20, 16, 13, 10, 3, 12, 17, 19, 8, 18, 2, 11, 14, 9]

--- SAMPLE 462 --- [1, 4, 11, 12, 16, 20, 2, 7, 14, 13, 8, 9, 15, 18, 19, 10, 3, 5, 6, 17]

--- SAMPLE 463 --- [1, 5, 9, 20, 11, 7, 16, 19, 13, 14, 2, 17, 3, 4, 10, 15, 18, 6, 8, 12]

--- SAMPLE 464 --- [16, 19, 14, 4, 8, 2, 3, 13, 20, 12, 18, 6, 7, 11, 5, 10, 15, 1, 9, 17]

--- SAMPLE 465 --- [1, 10, 14, 15, 18, 2, 3, 4, 5, 20, 7, 8, 6, 9, 12, 13, 11, 16, 17, 19]

--- SAMPLE 466 --- [18, 17, 20, 15, 3, 1, 13, 5, 10, 4, 8, 11, 19, 14, 6, 16, 2, 7, 9, 12]

--- SAMPLE 467 --- [2, 4, 12, 18, 15, 16, 14, 13, 9, 19, 1, 3, 17, 11, 5, 10, 7, 6, 8, 20]

--- SAMPLE 468 --- [17, 2, 5, 7, 10, 11, 13, 15, 16, 19, 20, 1, 8, 9, 12, 6, 3, 14, 4, 18]

--- SAMPLE 469 --- [20, 9, 16, 18, 17, 15, 2, 5, 6, 14, 7, 12, 19, 10, 11, 1, 3, 4, 13, 8]

--- SAMPLE 470 --- [1, 2, 3, 10, 17, 18, 5, 11, 20, 13, 7, 12, 4, 8, 16, 19, 6, 9, 14, 15]

--- SAMPLE 471 --- [1, 10, 20, 2, 4, 5, 15, 11, 8, 14, 12, 19, 13, 7, 6, 3, 9, 16, 17, 18]

--- SAMPLE 472 --- [3, 4, 5, 8, 12, 16, 18, 2, 13, 15, 17, 10, 9, 14, 1, 7, 11, 19, 6, 20]

--- SAMPLE 473 --- [1, 20, 2, 8, 15, 4, 7, 10, 17, 14, 3, 5, 18, 6, 11, 12, 13, 16, 19, 9]

--- SAMPLE 474 --- [1, 13, 14, 5, 16, 18, 19, 6, 8, 11, 9, 15, 17, 10, 2, 4, 3, 7, 12, 20]

--- SAMPLE 475 --- [3, 13, 12, 18, 1, 2, 5, 7, 8, 9, 10, 15, 11, 14, 16, 4, 6, 17, 19, 20]

--- SAMPLE 476 --- [1, 9, 13, 10, 4, 6, 8, 17, 19, 5, 11, 18, 14, 12, 15, 2, 3, 7, 16, 20]

--- SAMPLE 477 --- [20, 7, 12, 5, 6, 15, 3, 4, 10, 13, 17, 1, 2, 8, 11, 16, 18, 19, 9, 14]

--- SAMPLE 478 --- [1, 2, 3, 4, 5, 14, 19, 15, 16, 17, 18, 20, 7, 8, 9, 13, 11, 10, 6, 12]

--- SAMPLE 479 --- [7, 1, 4, 5, 10, 11, 15, 16, 17, 20, 8, 12, 2, 3, 6, 9, 13, 14, 18, 19]

--- SAMPLE 480 --- [17, 19, 10, 1, 3, 5, 2, 7, 4, 15, 11, 8, 13, 14, 20, 9, 12, 18, 6, 16]

--- SAMPLE 481 --- [4, 10, 13, 3, 5, 8, 11, 20, 2, 15, 16, 18, 1, 6, 7, 12, 14, 17, 19, 9]

--- SAMPLE 482 --- [4, 2, 1, 5, 6, 7, 9, 10, 12, 13, 15, 19, 14, 20, 8, 11, 16, 18, 3, 17]

--- SAMPLE 483 --- [1, 20, 8, 9, 11, 6, 2, 19, 18, 10, 3, 4, 5, 7, 12, 14, 16, 17, 13, 15]

--- SAMPLE 484 --- [17, 20, 8, 14, 13, 15, 6, 1, 18, 11, 4, 16, 12, 19, 10, 7, 5, 2, 3, 9]

--- SAMPLE 485 --- [10, 17, 14, 15, 20, 9, 7, 4, 13, 1, 2, 6, 19, 16, 3, 18, 8, 11, 12, 5]

--- SAMPLE 486 --- [1, 2, 13, 15, 16, 18, 4, 7, 8, 9, 12, 20, 5, 6, 19, 3, 10, 11, 14, 17]

--- SAMPLE 487 --- [2, 9, 5, 6, 11, 19, 20, 14, 3, 10, 13, 7, 1, 16, 18, 12, 8, 4, 17, 15]

--- SAMPLE 488 --- [1, 11, 13, 19, 14, 6, 15, 17, 3, 2, 8, 5, 12, 18, 9, 10, 20, 16, 4, 7]

--- SAMPLE 489 --- [2, 3, 4, 9, 12, 14, 15, 17, 19, 1, 5, 18, 6, 7, 8, 11, 13, 16, 20, 10]

--- SAMPLE 490 --- [16, 15, 11, 7, 9, 10, 13, 18, 1, 4, 5, 12, 19, 20, 6, 2, 3, 8, 14, 17]

--- SAMPLE 491 --- [16, 4, 2, 11, 19, 9, 15, 18, 17, 6, 10, 14, 12, 1, 3, 13, 5, 8, 20, 7]

--- SAMPLE 492 --- [1, 3, 6, 7, 9, 15, 19, 11, 18, 14, 4, 20, 12, 13, 16, 17, 8, 5, 2, 10]

--- SAMPLE 493 --- [1, 15, 20, 3, 9, 11, 14, 16, 19, 2, 5, 13, 18, 4, 6, 7, 8, 10, 12, 17]

--- SAMPLE 494 --- [2, 20, 1, 11, 5, 10, 12, 14, 16, 17, 19, 7, 3, 6, 8, 9, 13, 18, 4, 15]

--- SAMPLE 495 --- [1, 5, 6, 7, 8, 11, 14, 19, 20, 13, 4, 10, 16, 15, 18, 2, 3, 9, 12, 17]

--- SAMPLE 496 --- [18, 16, 10, 5, 3, 4, 6, 14, 19, 17, 20, 13, 15, 1, 2, 7, 8, 11, 12, 9]

--- SAMPLE 497 --- [19, 4, 5, 7, 13, 15, 20, 3, 1, 2, 6, 9, 10, 18, 16, 14, 17, 8, 11, 12]

--- SAMPLE 498 --- [3, 4, 11, 2, 5, 7, 9, 20, 16, 14, 1, 6, 12, 13, 15, 18, 8, 10, 17, 19]

--- SAMPLE 499 --- [1, 3, 14, 19, 9, 2, 10, 13, 16, 6, 18, 5, 20, 4, 8, 11, 17, 12, 7, 15]

--- SAMPLE 500 --- [2, 5, 6, 11, 20, 1, 15, 7, 9, 13, 14, 3, 4, 17, 8, 10, 12, 19, 16, 18]

--- SAMPLE 501 --- [5, 1, 2, 7, 12, 9, 10, 15, 13, 11, 4, 3, 6, 8, 14, 16, 19, 20, 18, 17]

--- SAMPLE 502 --- [2, 3, 1, 7, 10, 5, 14, 17, 6, 13, 11, 9, 12, 15, 18, 4, 8, 16, 19, 20]

--- SAMPLE 503 --- [1, 2, 13, 12, 18, 17, 10, 3, 8, 4, 20, 7, 5, 19, 11, 9, 16, 15, 14, 6]

--- SAMPLE 504 --- [10, 18, 20, 1, 2, 3, 4, 9, 5, 19, 13, 12, 8, 11, 14, 16, 6, 17, 7, 15]

--- SAMPLE 505 --- [9, 1, 11, 16, 18, 2, 3, 12, 10, 15, 17, 20, 5, 8, 14, 4, 6, 13, 19, 7]

--- SAMPLE 506 --- [6, 7, 1, 4, 5, 12, 11, 19, 14, 13, 17, 20, 18, 15, 10, 8, 2, 3, 9, 16]

--- SAMPLE 507 --- [1, 2, 15, 20, 4, 6, 8, 10, 13, 16, 18, 19, 17, 7, 9, 11, 12, 14, 3, 5]

--- SAMPLE 508 --- [17, 16, 13, 6, 1, 3, 5, 12, 18, 14, 15, 9, 2, 10, 7, 4, 8, 11, 19, 20]

--- SAMPLE 509 --- [1, 2, 6, 5, 3, 8, 4, 12, 13, 20, 18, 19, 11, 9, 16, 7, 10, 17, 15, 14]

--- SAMPLE 510 --- [15, 1, 18, 8, 13, 14, 9, 12, 2, 19, 20, 17, 3, 4, 7, 11, 5, 6, 16, 10]

--- SAMPLE 511 --- [16, 1, 12, 6, 10, 4, 20, 3, 8, 7, 14, 5, 2, 11, 13, 15, 9, 17, 19, 18]

--- SAMPLE 512 --- [15, 2, 9, 1, 3, 4, 6, 11, 10, 18, 8, 14, 19, 12, 5, 13, 20, 7, 17, 16]

--- SAMPLE 513 --- [11, 14, 15, 16, 19, 20, 2, 3, 13, 7, 1, 6, 9, 10, 5, 8, 12, 17, 18, 4]

--- SAMPLE 514 --- [2, 1, 3, 11, 15, 16, 20, 13, 7, 4, 5, 6, 17, 10, 9, 18, 14, 19, 8, 12]

--- SAMPLE 515 --- [1, 8, 2, 3, 4, 5, 7, 9, 11, 15, 17, 18, 19, 12, 13, 16, 20, 6, 14, 10]

--- SAMPLE 516 --- [4, 7, 10, 13, 12, 6, 8, 1, 5, 16, 2, 3, 9, 11, 14, 19, 20, 15, 18, 17]

--- SAMPLE 517 --- [1, 2, 19, 14, 10, 20, 16, 18, 3, 4, 12, 13, 17, 11, 5, 7, 8, 9, 15, 6]

--- SAMPLE 518 --- [1, 3, 7, 4, 5, 9, 11, 16, 17, 2, 8, 14, 15, 20, 19, 10, 13, 12, 18, 6]

--- SAMPLE 519 --- [1, 2, 9, 5, 8, 16, 18, 12, 11, 3, 20, 13, 15, 19, 4, 10, 7, 17, 6, 14]

--- SAMPLE 520 --- [1, 9, 11, 19, 14, 20, 18, 4, 8, 3, 15, 7, 17, 16, 6, 10, 12, 2, 5, 13]

--- SAMPLE 521 --- [2, 1, 3, 17, 6, 12, 15, 4, 14, 9, 11, 7, 8, 10, 16, 18, 19, 5, 13, 20]

--- SAMPLE 522 --- [15, 2, 3, 4, 8, 9, 12, 1, 5, 6, 7, 17, 14, 18, 20, 10, 16, 19, 11, 13]

--- SAMPLE 523 --- [5, 1, 11, 7, 13, 8, 9, 16, 10, 19, 17, 14, 12, 2, 3, 18, 6, 15, 4, 20]

--- SAMPLE 524 --- [1, 7, 10, 5, 2, 4, 14, 11, 19, 20, 17, 3, 6, 15, 12, 18, 16, 8, 13, 9]

--- SAMPLE 525 --- [17, 5, 4, 16, 11, 15, 7, 1, 14, 13, 12, 8, 3, 10, 20, 18, 2, 19, 9, 6]

--- SAMPLE 526 --- [18, 17, 4, 2, 1, 3, 7, 11, 9, 13, 12, 16, 19, 20, 8, 5, 15, 6, 14, 10]

--- SAMPLE 527 --- [6, 5, 4, 2, 1, 3, 10, 13, 15, 18, 12, 9, 16, 7, 19, 20, 11, 8, 14, 17]

--- SAMPLE 528 --- [12, 2, 13, 10, 8, 17, 19, 11, 16, 9, 20, 3, 1, 6, 14, 15, 18, 5, 7, 4]

--- SAMPLE 529 --- [12, 1, 16, 10, 20, 7, 3, 9, 15, 6, 4, 8, 11, 13, 14, 17, 2, 5, 18, 19]

--- SAMPLE 530 --- [1, 9, 13, 18, 4, 20, 2, 5, 17, 15, 19, 11, 12, 14, 10, 3, 16, 8, 7, 6]

--- SAMPLE 531 --- [1, 3, 4, 7, 8, 9, 11, 12, 15, 18, 6, 20, 2, 5, 10, 14, 16, 17, 19, 13]

--- SAMPLE 532 --- [1, 18, 2, 3, 16, 8, 13, 17, 12, 4, 20, 15, 19, 11, 5, 6, 14, 9, 10, 7]

--- SAMPLE 533 --- [2, 3, 9, 1, 16, 17, 19, 10, 18, 12, 4, 7, 8, 11, 13, 20, 6, 5, 14, 15]

--- SAMPLE 534 --- [1, 3, 19, 4, 12, 17, 10, 20, 2, 6, 7, 9, 16, 14, 18, 13, 11, 15, 8, 5]

--- SAMPLE 535 --- [1, 7, 19, 2, 3, 10, 5, 4, 15, 20, 6, 8, 13, 14, 12, 17, 9, 11, 18, 16]

--- SAMPLE 536 --- [1, 2, 17, 20, 12, 6, 15, 18, 3, 5, 8, 13, 16, 4, 9, 10, 11, 14, 19, 7]

--- SAMPLE 537 --- [1, 2, 20, 18, 11, 7, 8, 15, 16, 13, 17, 10, 4, 19, 12, 5, 6, 9, 14, 3]

--- SAMPLE 538 --- [1, 11, 16, 3, 7, 10, 17, 20, 8, 6, 19, 2, 4, 12, 9, 14, 18, 5, 13, 15]

--- SAMPLE 539 --- [13, 15, 8, 7, 2, 20, 4, 5, 9, 12, 1, 11, 14, 10, 3, 6, 16, 17, 18, 19]

--- SAMPLE 540 --- [1, 2, 3, 14, 20, 13, 15, 19, 17, 10, 12, 18, 4, 16, 5, 7, 9, 11, 8, 6]

--- SAMPLE 541 --- [6, 7, 11, 20, 4, 8, 18, 3, 9, 16, 19, 14, 17, 12, 1, 2, 5, 13, 15, 10]

--- SAMPLE 542 --- [1, 14, 15, 13, 10, 12, 2, 7, 9, 17, 11, 18, 19, 16, 3, 4, 5, 8, 6, 20]

--- SAMPLE 543 --- [2, 7, 11, 4, 14, 13, 16, 10, 19, 3, 6, 17, 18, 8, 1, 9, 5, 12, 15, 20]

--- SAMPLE 544 --- [1, 2, 3, 13, 4, 17, 7, 19, 20, 9, 5, 12, 16, 6, 14, 18, 10, 11, 15, 8]

--- SAMPLE 545 --- [3, 11, 17, 6, 15, 12, 19, 20, 2, 5, 7, 9, 1, 4, 8, 13, 14, 16, 18, 10]

--- SAMPLE 546 --- [1, 8, 7, 3, 6, 18, 12, 13, 9, 11, 15, 2, 4, 5, 14, 16, 17, 19, 20, 10]

--- SAMPLE 547 --- [2, 3, 11, 5, 7, 4, 6, 17, 18, 10, 9, 8, 14, 19, 1, 12, 13, 15, 16, 20]

--- SAMPLE 548 --- [12, 2, 3, 11, 7, 17, 19, 8, 13, 18, 20, 1, 5, 6, 10, 14, 15, 16, 4, 9]

--- SAMPLE 549 --- [4, 7, 12, 9, 8, 11, 13, 18, 2, 17, 3, 5, 10, 1, 14, 15, 16, 19, 6, 20]

--- SAMPLE 550 --- [1, 4, 5, 2, 6, 12, 9, 8, 16, 17, 11, 20, 15, 18, 13, 3, 7, 14, 10, 19]

--- SAMPLE 551 --- [10, 15, 4, 5, 9, 1, 18, 8, 17, 19, 2, 3, 6, 12, 14, 16, 20, 11, 13, 7]

--- SAMPLE 552 --- [1, 3, 8, 13, 17, 14, 11, 10, 16, 7, 18, 15, 2, 5, 6, 19, 4, 9, 12, 20]

--- SAMPLE 553 --- [12, 3, 1, 2, 11, 18, 19, 16, 8, 17, 13, 4, 5, 9, 10, 20, 15, 7, 6, 14]

--- SAMPLE 554 --- [2, 9, 5, 3, 6, 10, 19, 4, 11, 20, 1, 16, 12, 7, 8, 13, 14, 15, 18, 17]

--- SAMPLE 555 --- [1, 20, 12, 7, 19, 4, 8, 14, 9, 15, 18, 10, 11, 2, 5, 16, 17, 13, 6, 3]

--- SAMPLE 556 --- [6, 11, 12, 1, 15, 5, 9, 13, 8, 4, 7, 2, 3, 16, 10, 14, 17, 18, 19, 20]

--- SAMPLE 557 --- [6, 11, 13, 7, 8, 9, 10, 12, 15, 17, 1, 20, 5, 18, 14, 3, 2, 16, 19, 4]

--- SAMPLE 558 --- [1, 15, 19, 20, 5, 14, 7, 4, 6, 17, 9, 11, 16, 12, 18, 2, 3, 8, 10, 13]

--- SAMPLE 559 --- [1, 2, 9, 17, 11, 5, 6, 3, 14, 20, 10, 16, 18, 19, 15, 7, 13, 8, 12, 4]

--- SAMPLE 560 --- [1, 4, 5, 6, 15, 10, 12, 20, 9, 17, 18, 19, 11, 16, 7, 13, 14, 3, 2, 8]

--- SAMPLE 561 --- [1, 2, 6, 5, 20, 3, 14, 18, 19, 17, 7, 12, 8, 9, 10, 13, 15, 16, 4, 11]

--- SAMPLE 562 --- [17, 8, 11, 1, 2, 20, 15, 3, 19, 4, 6, 10, 12, 7, 14, 18, 13, 9, 16, 5]

--- SAMPLE 563 --- [1, 6, 7, 9, 15, 18, 16, 8, 10, 2, 3, 5, 11, 12, 19, 4, 13, 14, 20, 17]

--- SAMPLE 564 --- [1, 5, 9, 17, 13, 10, 3, 4, 7, 8, 11, 14, 18, 6, 12, 15, 16, 2, 19, 20]

--- SAMPLE 565 --- [6, 2, 3, 1, 11, 13, 17, 12, 18, 4, 10, 14, 16, 19, 5, 15, 8, 9, 7, 20]

--- SAMPLE 566 --- [1, 2, 3, 20, 13, 7, 14, 4, 5, 12, 17, 19, 18, 16, 15, 6, 8, 9, 11, 10]

--- SAMPLE 567 --- [1, 2, 3, 4, 16, 19, 8, 14, 15, 11, 20, 12, 17, 10, 5, 6, 7, 9, 13, 18]

--- SAMPLE 568 --- [1, 2, 11, 10, 12, 19, 17, 4, 5, 18, 14, 15, 16, 9, 13, 3, 6, 7, 8, 20]

--- SAMPLE 569 --- [6, 2, 9, 13, 14, 17, 11, 7, 10, 12, 16, 18, 1, 3, 4, 5, 8, 15, 19, 20]

--- SAMPLE 570 --- [1, 5, 3, 14, 10, 9, 8, 2, 11, 12, 15, 4, 17, 20, 7, 13, 19, 6, 16, 18]

--- SAMPLE 571 --- [3, 19, 17, 6, 14, 15, 13, 5, 9, 12, 4, 20, 16, 1, 7, 8, 11, 18, 2, 10]

--- SAMPLE 572 --- [5, 4, 2, 14, 12, 3, 15, 18, 7, 1, 16, 20, 6, 11, 13, 17, 19, 8, 9, 10]

--- SAMPLE 573 --- [1, 8, 9, 7, 14, 16, 6, 10, 19, 2, 17, 5, 4, 11, 15, 3, 12, 13, 20, 18]

--- SAMPLE 574 --- [1, 4, 5, 7, 10, 16, 8, 9, 2, 3, 6, 11, 15, 13, 19, 17, 12, 14, 18, 20]

--- SAMPLE 575 --- [20, 2, 8, 12, 18, 1, 5, 7, 15, 16, 19, 10, 9, 13, 11, 6, 3, 14, 4, 17]

--- SAMPLE 576 --- [13, 6, 7, 19, 1, 3, 12, 16, 5, 14, 15, 17, 2, 18, 11, 20, 9, 10, 4, 8]

--- SAMPLE 577 --- [1, 6, 7, 14, 15, 3, 11, 16, 8, 9, 12, 4, 17, 20, 13, 10, 2, 5, 18, 19]

--- SAMPLE 578 --- [5, 4, 6, 12, 19, 18, 1, 2, 3, 8, 10, 13, 16, 20, 17, 14, 9, 11, 7, 15]

--- SAMPLE 579 --- [1, 2, 7, 10, 16, 17, 18, 20, 11, 4, 5, 3, 9, 13, 19, 6, 8, 12, 14, 15]

--- SAMPLE 580 --- [14, 8, 12, 16, 17, 1, 10, 2, 4, 13, 6, 5, 11, 3, 15, 19, 20, 7, 9, 18]

--- SAMPLE 581 --- [3, 6, 8, 14, 19, 11, 12, 13, 16, 18, 2, 5, 1, 4, 9, 20, 7, 10, 15, 17]

--- SAMPLE 582 --- [7, 8, 13, 17, 19, 1, 2, 18, 16, 20, 5, 12, 14, 3, 4, 11, 6, 9, 10, 15]

--- SAMPLE 583 --- [1, 2, 3, 20, 4, 5, 11, 16, 18, 6, 9, 7, 12, 15, 13, 8, 10, 14, 19, 17]

--- SAMPLE 584 --- [1, 2, 15, 20, 12, 13, 18, 3, 7, 8, 11, 10, 17, 5, 6, 4, 14, 19, 16, 9]

--- SAMPLE 585 --- [2, 5, 4, 10, 11, 16, 15, 6, 12, 20, 1, 17, 18, 8, 9, 3, 14, 13, 19, 7]

--- SAMPLE 586 --- [1, 2, 3, 13, 14, 16, 18, 4, 17, 5, 10, 19, 8, 12, 7, 6, 15, 9, 11, 20]

--- SAMPLE 587 --- [1, 9, 12, 20, 4, 14, 18, 2, 7, 15, 10, 5, 13, 19, 6, 3, 8, 17, 11, 16]

--- SAMPLE 588 --- [1, 4, 5, 8, 11, 15, 20, 19, 12, 7, 2, 9, 14, 6, 10, 13, 16, 17, 18, 3]

--- SAMPLE 589 --- [3, 7, 17, 19, 8, 15, 1, 9, 11, 12, 2, 16, 20, 13, 14, 10, 5, 4, 6, 18]

--- SAMPLE 590 --- [1, 4, 11, 15, 2, 20, 12, 19, 8, 14, 13, 6, 18, 17, 5, 7, 3, 9, 10, 16]

--- SAMPLE 591 --- [1, 6, 7, 8, 12, 13, 16, 19, 20, 18, 5, 10, 9, 11, 4, 15, 2, 3, 14, 17]

--- SAMPLE 592 --- [2, 3, 10, 14, 7, 1, 18, 20, 8, 12, 4, 5, 13, 15, 11, 16, 19, 17, 9, 6]

--- SAMPLE 593 --- [20, 4, 13, 18, 19, 8, 9, 1, 17, 3, 7, 16, 2, 12, 14, 15, 5, 6, 10, 11]

--- SAMPLE 594 --- [1, 2, 3, 7, 8, 14, 4, 5, 10, 11, 15, 18, 19, 17, 6, 12, 9, 13, 16, 20]

--- SAMPLE 595 --- [1, 2, 3, 9, 10, 13, 15, 4, 17, 20, 8, 6, 5, 12, 11, 16, 18, 14, 7, 19]

--- SAMPLE 596 --- [17, 9, 14, 19, 20, 8, 10, 3, 7, 5, 13, 2, 6, 16, 1, 4, 18, 11, 12, 15]

--- SAMPLE 597 --- [1, 18, 15, 16, 9, 2, 11, 10, 3, 5, 6, 12, 20, 4, 13, 14, 7, 8, 17, 19]

--- SAMPLE 598 --- [1, 2, 3, 9, 4, 10, 7, 11, 15, 17, 20, 14, 5, 19, 13, 12, 6, 8, 16, 18]

--- SAMPLE 599 --- [2, 7, 10, 14, 18, 1, 11, 3, 4, 5, 19, 9, 13, 15, 17, 6, 8, 12, 16, 20]

--- SAMPLE 600 --- [12, 7, 18, 10, 6, 11, 16, 1, 2, 3, 5, 8, 13, 20, 19, 17, 15, 4, 14, 9]

--- SAMPLE 601 --- [7, 12, 15, 16, 11, 19, 9, 5, 18, 14, 6, 1, 2, 4, 8, 20, 10, 13, 17, 3]

--- SAMPLE 602 --- [1, 2, 4, 9, 12, 14, 11, 3, 5, 6, 10, 18, 19, 13, 7, 16, 17, 15, 8, 20]

--- SAMPLE 603 --- [3, 13, 12, 8, 9, 2, 1, 11, 15, 14, 6, 10, 16, 7, 4, 17, 18, 19, 20, 5]

--- SAMPLE 604 --- [1, 14, 11, 13, 7, 9, 12, 4, 3, 2, 19, 15, 18, 17, 10, 20, 16, 8, 6, 5]

--- SAMPLE 605 --- [4, 8, 10, 17, 19, 16, 6, 1, 9, 14, 18, 2, 3, 10, 15, 20, 11, 12, 13, 5]

--- SAMPLE 606 --- [3, 5, 2, 1, 4, 6, 16, 20, 11, 8, 14, 13, 12, 15, 17, 9, 10, 19, 18, 7]

--- SAMPLE 607 --- [1, 20, 16, 11, 15, 17, 3, 2, 8, 14, 9, 5, 4, 6, 7, 13, 12, 10, 19, 18]

--- SAMPLE 608 --- [4, 14, 11, 10, 19, 18, 20, 1, 2, 3, 16, 9, 7, 13, 12, 17, 5, 8, 15, 6]

--- SAMPLE 609 --- [5, 11, 8, 4, 15, 14, 13, 2, 9, 10, 1, 16, 20, 17, 6, 18, 19, 7, 12, 3]

--- SAMPLE 610 --- [1, 7, 2, 3, 4, 9, 12, 11, 5, 8, 17, 13, 16, 18, 14, 10, 15, 20, 19, 6]

--- SAMPLE 611 --- [1, 2, 3, 6, 14, 12, 11, 4, 15, 13, 20, 17, 5, 18, 10, 16, 7, 8, 19, 9]

--- SAMPLE 612 --- [1, 14, 17, 19, 13, 2, 7, 18, 3, 16, 5, 15, 9, 12, 10, 6, 11, 4, 8, 20]

--- SAMPLE 613 --- [9, 2, 8, 5, 12, 14, 15, 11, 20, 10, 19, 7, 1, 6, 16, 18, 4, 3, 13, 17]

--- SAMPLE 614 --- [1, 9, 11, 12, 17, 3, 4, 13, 2, 20, 8, 10, 14, 18, 19, 5, 15, 16, 7, 6]

--- SAMPLE 615 --- [1, 2, 11, 15, 13, 20, 10, 5, 16, 19, 18, 14, 12, 17, 6, 8, 3, 4, 7, 9]

--- SAMPLE 616 --- [20, 4, 13, 17, 7, 11, 12, 9, 15, 19, 3, 14, 5, 1, 2, 6, 8, 10, 18, 16]

--- SAMPLE 617 --- [6, 1, 20, 2, 17, 9, 7, 12, 13, 15, 18, 16, 11, 8, 3, 14, 19, 10, 5, 4]

--- SAMPLE 618 --- [20, 16, 18, 1, 2, 3, 4, 5, 6, 11, 10, 12, 13, 14, 17, 7, 15, 9, 19, 8]

--- SAMPLE 619 --- [3, 1, 12, 13, 18, 20, 5, 9, 14, 7, 6, 4, 10, 16, 19, 8, 11, 15, 17, 2]

--- SAMPLE 620 --- [1, 3, 20, 14, 18, 9, 2, 4, 5, 10, 8, 15, 19, 11, 12, 6, 13, 17, 16, 7]

SAMPLE 621: [1, 2, 6, 3, 7, 8, 4, 5, 9, 20, 16, 12, 10, 11, 13, 15, 18, 14, 19, 17]

SAMPLE 622: [1, 2, 3, 5, 12, 6, 7, 9, 10, 11, 15, 19, 14, 8, 4, 13, 16, 17, 18, 20]

SAMPLE 623: [1, 2, 3, 12, 11, 14, 13, 4, 18, 19, 17, 20, 5, 6, 9, 16, 10, 15, 7, 8]

SAMPLE 624: [1, 4, 8, 12, 17, 18, 19, 6, 13, 7, 9, 20, 14, 2, 3, 5, 15, 10, 11, 16]

SAMPLE 625: [8, 16, 18, 2, 19, 20, 13, 11, 5, 14, 15, 9, 6, 17, 12, 1, 3, 7, 10, 4]

SAMPLE 626: [1, 4, 5, 12, 3, 9, 13, 14, 18, 8, 2, 11, 17, 10, 15, 7, 6, 16, 19, 20]

SAMPLE 627: [1, 2, 15, 19, 3, 16, 10, 12, 13, 14, 18, 8, 9, 5, 6, 20, 17, 7, 4, 11]

SAMPLE 628: [1, 2, 3, 5, 6, 8, 9, 10, 11, 12, 13, 15, 17, 19, 20, 18, 14, 7, 4, 16]

SAMPLE 629: [7, 4, 5, 9, 12, 13, 18, 20, 8, 15, 10, 19, 1, 2, 3, 6, 17, 14, 16, 11]

SAMPLE 630: [2, 14, 3, 4, 8, 9, 12, 10, 15, 6, 7, 11, 19, 17, 1, 5, 13, 16, 20, 18]

SAMPLE 631: [1, 2, 8, 9, 16, 3, 6, 11, 5, 12, 14, 19, 15, 10, 13, 17, 18, 20, 4, 7]

SAMPLE 632: [2, 3, 4, 8, 7, 10, 13, 15, 16, 1, 9, 12, 19, 17, 14, 6, 11, 20, 18, 5]

SAMPLE 633: [1, 2, 3, 5, 13, 17, 18, 19, 6, 7, 15, 8, 20, 10, 4, 12, 9, 14, 16, 11]

SAMPLE 634: [1, 18, 4, 7, 8, 9, 13, 10, 17, 3, 14, 16, 20, 2, 5, 6, 15, 12, 11, 19]

SAMPLE 635: [7, 3, 1, 14, 4, 5, 9, 12, 13, 16, 19, 10, 8, 2, 11, 17, 18, 15, 20, 6]

SAMPLE 636: [1, 4, 8, 11, 16, 19, 20, 3, 5, 6, 13, 18, 15, 2, 7, 9, 17, 10, 14, 12]

SAMPLE 637: [1, 2, 3, 6, 14, 15, 18, 19, 16, 4, 12, 9, 10, 11, 17, 8, 20, 13, 7, 5]

SAMPLE 638: [1, 11, 3, 5, 8, 12, 14, 6, 7, 9, 19, 2, 18, 10, 20, 16, 13, 15, 4, 17]

SAMPLE 639: [3, 6, 12, 10, 11, 1, 8, 19, 15, 20, 2, 7, 9, 13, 14, 17, 18, 5, 4, 16]

SAMPLE 640: [1, 2, 3, 4, 9, 15, 20, 5, 6, 7, 8, 12, 11, 14, 16, 19, 17, 18, 10, 13]

SAMPLE 641: [1, 5, 8, 17, 18, 19, 20, 6, 13, 14, 10, 2, 3, 12, 9, 11, 4, 7, 15, 16]

SAMPLE 642: [1, 3, 4, 5, 10, 11, 14, 15, 16, 17, 19, 6, 9, 12, 18, 8, 2, 7, 13, 20]

SAMPLE 643: [1, 4, 5, 11, 14, 16, 17, 2, 19, 3, 13, 8, 9, 15, 6, 10, 12, 20, 18, 7]

SAMPLE 644: [5, 12, 17, 18, 1, 3, 8, 10, 2, 4, 13, 14, 7, 11, 15, 16, 20, 19, 6, 9]

SAMPLE 645: [1, 6, 7, 9, 17, 8, 13, 16, 15, 2, 10, 11, 3, 4, 5, 14, 19, 20, 18, 12]

SAMPLE 646: [2, 7, 8, 10, 1, 6, 9, 18, 19, 13, 14, 15, 16, 17, 20, 5, 11, 12, 3, 4]

SAMPLE 647: [1, 4, 20, 15, 14, 17, 18, 2, 3, 7, 8, 10, 11, 12, 13, 16, 19, 5, 6, 9]

SAMPLE 648: [1, 2, 3, 12, 17, 9, 15, 19, 14, 13, 5, 11, 7, 10, 18, 6, 4, 16, 20, 8]

SAMPLE 649: [3, 4, 6, 7, 8, 17, 20, 5, 2, 12, 1, 18, 13, 16, 9, 15, 10, 11, 14, 19]

SAMPLE 650: [1, 2, 3, 5, 8, 15, 16, 4, 6, 9, 10, 12, 14, 19, 11, 17, 18, 7, 13, 20]

SAMPLE 651: [1, 4, 6, 11, 7, 9, 10, 12, 13, 16, 17, 5, 8, 3, 15, 2, 18, 14, 20, 19]

SAMPLE 652: [1, 9, 17, 18, 20, 16, 4, 12, 14, 10, 15, 8, 13, 11, 19, 6, 7, 3, 5, 2]

SAMPLE 653: [7, 5, 1, 3, 4, 6, 10, 11, 13, 16, 19, 20, 14, 8, 18, 17, 2, 12, 9, 15]

SAMPLE 654: [1, 3, 13, 16, 2, 4, 6, 7, 9, 19, 10, 17, 14, 18, 8, 15, 20, 11, 12, 5]

SAMPLE 655: [1, 2, 3, 6, 8, 15, 7, 17, 16, 19, 9, 4, 11, 5, 10, 13, 14, 18, 20, 12]

SAMPLE 656: [1, 2, 4, 8, 10, 11, 14, 5, 6, 7, 12, 17, 18, 13, 15, 9, 3, 16, 20, 19]

SAMPLE 657: [4, 6, 8, 10, 16, 20, 5, 11, 1, 13, 17, 2, 3, 14, 18, 7, 15, 12, 19, 9]

SAMPLE 658: [1, 13, 11, 15, 10, 19, 14, 16, 18, 2, 12, 20, 5, 7, 17, 4, 3, 9, 8, 6]

SAMPLE 659: [1, 2, 3, 14, 16, 19, 18, 7, 17, 20, 13, 11, 12, 4, 5, 6, 9, 10, 15, 8]

SAMPLE 660: [1, 2, 8, 11, 15, 18, 3, 4, 5, 12, 14, 7, 10, 19, 9, 13, 6, 16, 17, 20]

SAMPLE 661: [1, 8, 3, 5, 6, 7, 9, 10, 12, 13, 14, 16, 17, 18, 2, 11, 15, 4, 19, 20]

SAMPLE 662: [1, 10, 18, 2, 3, 4, 7, 8, 9, 12, 13, 15, 19, 20, 5, 11, 17, 14, 16, 6]

SAMPLE 663: [1, 8, 10, 19, 2, 5, 7, 13, 15, 4, 3, 9, 16, 6, 12, 18, 20, 14, 17, 11]

SAMPLE 664: [1, 4, 8, 11, 7, 3, 5, 13, 14, 17, 19, 9, 10, 16, 18, 20, 15, 2, 6, 12]

SAMPLE 665: [2, 18, 20, 6, 3, 16, 1, 11, 8, 13, 5, 12, 10, 9, 4, 7, 19, 17, 14, 15]

SAMPLE 666: [1, 6, 11, 19, 20, 5, 8, 14, 17, 18, 2, 13, 10, 7, 16, 3, 9, 12, 15, 4]

SAMPLE 667: [3, 4, 6, 9, 10, 14, 2, 5, 7, 13, 20, 12, 15, 18, 19, 8, 17, 16, 1, 11]

SAMPLE 668: [1, 2, 3, 8, 11, 12, 15, 16, 18, 19, 13, 5, 10, 20, 7, 4, 9, 14, 17, 6]

SAMPLE 669: [1, 2, 5, 8, 10, 14, 16, 18, 11, 19, 20, 7, 12, 17, 3, 4, 6, 9, 13, 15]

SAMPLE 670: [10, 18, 4, 2, 1, 3, 5, 7, 9, 14, 19, 20, 16, 13, 6, 8, 12, 17, 11, 15]

SAMPLE 671: [1, 3, 9, 4, 8, 11, 10, 2, 6, 13, 14, 15, 19, 20, 18, 5, 16, 17, 7, 12]

SAMPLE 672: [1, 4, 5, 7, 8, 9, 11, 13, 15, 18, 3, 6, 2, 20, 10, 14, 12, 17, 16, 19]

SAMPLE 673: [4, 1, 12, 18, 10, 5, 9, 2, 3, 14, 16, 8, 6, 7, 11, 15, 13, 20, 17, 19]

SAMPLE 674: [8, 1, 2, 3, 7, 11, 13, 15, 16, 17, 9, 6, 20, 10, 12, 4, 18, 19, 5, 14]

SAMPLE 675: [1, 19, 15, 14, 11, 10, 12, 4, 6, 8, 5, 18, 20, 13, 2, 7, 16, 3, 9, 17]

SAMPLE 676: [19, 5, 6, 8, 9, 10, 14, 1, 4, 16, 15, 18, 20, 2, 11, 3, 7, 12, 13, 17]

SAMPLE 677: [1, 4, 18, 19, 2, 3, 5, 6, 12, 11, 8, 16, 7, 13, 10, 14, 9, 20, 15, 17]

SAMPLE 678: [1, 2, 3, 4, 7, 10, 13, 17, 14, 8, 11, 5, 12, 15, 19, 6, 16, 20, 18, 9]

SAMPLE 679: [1, 2, 9, 17, 10, 8, 12, 15, 20, 4, 11, 16, 13, 5, 14, 3, 7, 18, 19, 6]

SAMPLE 680: [1, 2, 3, 16, 17, 11, 5, 9, 14, 20, 7, 8, 13, 12, 6, 15, 19, 4, 10, 18]

SAMPLE 681: [2, 1, 20, 3, 4, 5, 7, 8, 10, 14, 15, 11, 13, 19, 18, 12, 17, 9, 6, 16]

SAMPLE 682: [11, 4, 1, 2, 3, 5, 8, 16, 17, 6, 10, 12, 7, 15, 18, 13, 19, 20, 14, 9]

SAMPLE 683: [2, 3, 4, 7, 18, 19, 1, 5, 8, 9, 15, 17, 16, 14, 12, 10, 20, 13, 6, 11]

SAMPLE 684: [1, 16, 14, 17, 13, 2, 8, 9, 11, 19, 3, 15, 12, 7, 10, 4, 18, 20, 5, 6]

SAMPLE 685: [1, 14, 10, 13, 12, 5, 16, 19, 11, 2, 3, 6, 9, 15, 18, 20, 17, 7, 8, 4]

SAMPLE 686: [1, 2, 3, 5, 13, 16, 17, 10, 11, 18, 4, 12, 15, 20, 19, 14, 6, 7, 8, 9]

SAMPLE 687: [1, 2, 7, 12, 16, 20, 4, 5, 6, 11, 14, 13, 15, 3, 19, 8, 9, 10, 17, 18]

SAMPLE 688: [1, 8, 11, 16, 20, 4, 7, 3, 12, 18, 6, 13, 15, 14, 19, 17, 5, 2, 9, 10]

SAMPLE 689: [6, 1, 2, 3, 4, 5, 7, 11, 12, 10, 20, 19, 16, 18, 17, 8, 9, 13, 14, 15]

SAMPLE 690: [1, 2, 12, 13, 18, 20, 16, 3, 17, 11, 19, 4, 5, 6, 7, 8, 9, 10, 14, 15]

SAMPLE 691: [12, 4, 18, 11, 16, 17, 3, 10, 8, 15, 20, 1, 2, 5, 6, 9, 14, 18, 19, 7]

SAMPLE 692: [1, 6, 5, 3, 8, 11, 12, 15, 16, 10, 18, 2, 17, 9, 7, 14, 4, 13, 19, 20]

SAMPLE 693: [1, 4, 5, 15, 8, 9, 12, 16, 19, 6, 7, 11, 14, 20, 2, 3, 18, 13, 17, 10]

SAMPLE 694: [1, 6, 10, 14, 2, 5, 12, 15, 11, 17, 18, 8, 9, 3, 16, 20, 19, 4, 13, 7]

SAMPLE 695: [3, 2, 5, 1, 11, 12, 14, 16, 19, 4, 6, 7, 8, 13, 20, 17, 9, 10, 15, 18]

SAMPLE 696: [2, 3, 12, 18, 1, 4, 6, 7, 8, 5, 13, 10, 11, 20, 17, 16, 14, 15, 9, 19]

SAMPLE 697: [1, 2, 7, 16, 5, 10, 19, 3, 9, 8, 11, 12, 4, 13, 15, 17, 20, 18, 14, 6]

SAMPLE 698: [9, 3, 15, 16, 8, 4, 5, 7, 11, 14, 18, 10, 13, 1, 2, 12, 19, 20, 6, 17]

SAMPLE 699: [1, 4, 15, 16, 9, 11, 19, 17, 20, 3, 7, 18, 6, 13, 2, 14, 5, 8, 10, 12]

SAMPLE 700: [10, 14, 4, 5, 8, 11, 12, 17, 20, 19, 3, 9, 13, 1, 2, 15, 18, 6, 7, 16]

--- SAMPLE 701 --- [1, 10, 13, 14, 19, 11, 2, 7, 3, 4, 12, 17, 16, 9, 6, 20, 18, 5, 15, 8]

--- SAMPLE 702 --- [1, 18, 16, 10, 8, 4, 7, 20, 17, 13, 6, 11, 14, 15, 3, 2, 5, 12, 19, 9]

--- SAMPLE 703 --- [19, 17, 8, 10, 4, 18, 20, 15, 12, 7, 9, 5, 3, 6, 11, 16, 1, 2, 14, 13]

--- SAMPLE 704 --- [13, 1, 9, 12, 11, 7, 5, 3, 2, 10, 4, 19, 20, 14, 18, 8, 15, 6, 17, 16]

--- SAMPLE 705 --- [2, 3, 5, 9, 18, 20, 1, 17, 8, 11, 4, 15, 12, 10, 7, 16, 13, 19, 6, 14]

--- SAMPLE 706 --- [13, 16, 18, 7, 12, 9, 17, 15, 20, 6, 10, 1, 2, 3, 8, 14, 4, 11, 19, 5]

--- SAMPLE 707 --- [1, 2, 3, 4, 9, 7, 12, 20, 6, 8, 16, 19, 17, 18, 11, 14, 15, 10, 13, 5]

--- SAMPLE 708 --- [1, 4, 5, 10, 7, 13, 15, 2, 6, 11, 12, 14, 17, 20, 19, 16, 8, 18, 3, 9]

--- SAMPLE 709 --- [11, 12, 10, 5, 9, 13, 17, 2, 6, 7, 14, 1, 4, 3, 15, 18, 8, 16, 19, 20]

--- SAMPLE 710 --- [1, 3, 4, 13, 15, 8, 12, 10, 7, 6, 19, 2, 5, 14, 11, 18, 17, 16, 20, 9]

--- SAMPLE 711 --- [8, 18, 20, 12, 10, 1, 2, 7, 3, 4, 17, 14, 16, 15, 11, 6, 5, 13, 19, 9]

--- SAMPLE 712 --- [18, 6, 15, 16, 19, 20, 12, 5, 1, 2, 8, 14, 11, 4, 7, 13, 17, 3, 10, 9]

--- SAMPLE 713 --- [1, 2, 4, 13, 15, 5, 19, 6, 8, 9, 11, 3, 12, 17, 14, 7, 18, 16, 20, 10]

--- SAMPLE 714 --- [2, 1, 4, 3, 10, 20, 5, 11, 12, 16, 17, 7, 6, 8, 14, 15, 13, 18, 19, 9]

--- SAMPLE 715 --- [2, 4, 3, 6, 7, 8, 10, 1, 12, 16, 18, 9, 11, 13, 17, 14, 15, 19, 5, 20]

--- SAMPLE 716 --- [5, 10, 17, 7, 11, 12, 19, 3, 2, 1, 6, 18, 4, 8, 14, 20, 13, 16, 9, 15]

--- SAMPLE 717 --- [6, 8, 15, 12, 17, 11, 18, 1, 2, 3, 4, 5, 7, 9, 13, 16, 20, 10, 14, 19]

--- SAMPLE 718 --- [1, 8, 4, 3, 5, 6, 9, 12, 14, 19, 20, 11, 13, 2, 17, 18, 15, 7, 16, 10]

--- SAMPLE 719 --- [13, 14, 15, 5, 6, 8, 11, 3, 12, 20, 1, 2, 4, 17, 9, 16, 18, 19, 10, 7]

--- SAMPLE 720 --- [8, 7, 4, 2, 11, 17, 13, 1, 3, 5, 6, 12, 15, 20, 9, 14, 16, 10, 18, 19]

--- SAMPLE 721 --- [1, 3, 8, 12, 2, 4, 19, 17, 14, 15, 16, 10, 6, 5, 9, 20, 13, 7, 11, 18]

--- SAMPLE 722 --- [1, 3, 13, 7, 6, 4, 20, 17, 18, 5, 14, 16, 2, 12, 11, 19, 15, 10, 8, 9]

--- SAMPLE 723 --- [1, 2, 8, 5, 10, 12, 17, 7, 19, 16, 11, 13, 18, 14, 20, 15, 4, 6, 9, 3]

--- SAMPLE 724 --- [2, 3, 1, 12, 17, 4, 5, 8, 10, 13, 20, 19, 11, 7, 18, 14, 15, 16, 6, 9]

--- SAMPLE 725 --- [1, 3, 5, 16, 18, 2, 6, 19, 4, 15, 12, 17, 10, 7, 8, 20, 11, 9, 13, 14]

--- SAMPLE 726 --- [20, 13, 12, 11, 10, 17, 1, 4, 5, 19, 18, 3, 15, 14, 2, 9, 16, 8, 7, 6]

--- SAMPLE 727 --- [1, 2, 5, 12, 8, 16, 17, 20, 7, 3, 6, 18, 10, 4, 9, 19, 11, 13, 14, 15]

--- SAMPLE 728 --- [1, 2, 4, 3, 7, 8, 11, 20, 10, 19, 16, 5, 9, 12, 14, 13, 15, 17, 18, 6]

--- SAMPLE 729 --- [2, 7, 8, 10, 16, 3, 4, 9, 11, 13, 1, 6, 12, 20, 5, 17, 18, 19, 14, 15]

--- SAMPLE 730 --- [1, 2, 11, 4, 6, 18, 5, 9, 20, 14, 13, 3, 12, 16, 7, 19, 10, 15, 8, 17]

--- SAMPLE 731 --- [1, 3, 8, 20, 9, 10, 11, 13, 15, 2, 19, 4, 5, 12, 14, 16, 7, 6, 18, 17]

--- SAMPLE 732 --- [5, 1, 13, 15, 8, 12, 18, 2, 3, 6, 11, 9, 10, 4, 7, 14, 16, 17, 20, 19]

--- SAMPLE 733 --- [20, 4, 14, 18, 16, 17, 19, 1, 2, 3, 8, 5, 10, 12, 15, 11, 6, 7, 9, 13]

--- SAMPLE 734 --- [1, 4, 5, 6, 7, 10, 11, 3, 17, 18, 8, 13, 14, 15, 9, 16, 19, 12, 2, 20]

--- SAMPLE 735 --- [1, 13, 14, 6, 15, 12, 18, 20, 11, 3, 10, 4, 16, 7, 8, 17, 5, 2, 9, 19]

--- SAMPLE 736 --- [1, 4, 11, 12, 13, 5, 7, 19, 14, 15, 16, 2, 3, 18, 6, 10, 20, 8, 9, 17]

--- SAMPLE 737 --- [1, 4, 6, 7, 13, 14, 8, 5, 12, 3, 11, 10, 17, 19, 2, 15, 18, 9, 20, 16]

--- SAMPLE 738 --- [1, 3, 17, 11, 9, 14, 13, 10, 2, 12, 19, 20, 4, 5, 6, 7, 8, 15, 16, 18]

--- SAMPLE 739 --- [1, 3, 5, 2, 4, 11, 9, 15, 18, 7, 20, 10, 13, 14, 17, 19, 8, 12, 6, 16]

--- SAMPLE 740 --- [1, 10, 11, 12, 17, 15, 16, 18, 2, 3, 4, 20, 14, 5, 6, 7, 8, 13, 19, 9]

--- SAMPLE 741 --- [11, 9, 8, 13, 18, 5, 12, 1, 4, 6, 3, 10, 16, 15, 7, 2, 14, 17, 19, 20]

--- SAMPLE 742 --- [1, 2, 3, 8, 19, 15, 18, 7, 13, 14, 17, 16, 10, 20, 12, 9, 4, 5, 11, 6]

--- SAMPLE 743 --- [1, 15, 19, 6, 17, 9, 4, 14, 10, 3, 13, 7, 2, 12, 11, 16, 20, 5, 8, 18]

--- SAMPLE 744 --- [12, 11, 19, 14, 15, 10, 1, 2, 4, 5, 6, 13, 17, 3, 7, 16, 9, 8, 18, 20]

--- SAMPLE 745 --- [1, 5, 6, 7, 12, 15, 19, 10, 18, 2, 3, 4, 11, 13, 14, 17, 16, 20, 8, 9]

--- SAMPLE 746 --- [2, 5, 4, 9, 10, 17, 16, 1, 18, 8, 11, 12, 6, 15, 3, 4, 13, 14, 19, 20]

--- SAMPLE 747 --- [2, 3, 17, 12, 14, 16, 20, 1, 4, 5, 7, 10, 15, 18, 13, 19, 8, 9, 11, 6]

--- SAMPLE 748 --- [1, 17, 20, 5, 18, 10, 2, 6, 3, 7, 8, 11, 12, 13, 9, 16, 4, 14, 15, 19]

--- SAMPLE 749 --- [3, 1, 2, 4, 6, 18, 12, 13, 14, 17, 11, 5, 16, 8, 15, 7, 10, 9, 19, 20]

--- SAMPLE 750 --- [7, 9, 3, 4, 13, 12, 10, 8, 15, 5, 6, 2, 14, 11, 18, 1, 17, 19, 20, 16]

--- SAMPLE 751 --- [9, 1, 5, 12, 11, 18, 14, 15, 16, 4, 10, 7, 19, 13, 2, 3, 6, 8, 17, 20]

--- SAMPLE 752 --- [1, 5, 20, 2, 3, 8, 16, 7, 12, 15, 17, 11, 13, 14, 18, 9, 4, 10, 19, 6]

--- SAMPLE 753 --- [1, 5, 18, 14, 10, 6, 7, 12, 15, 4, 16, 3, 17, 19, 11, 2, 13, 14, 8, 9]

--- SAMPLE 754 --- [4, 20, 3, 16, 15, 18, 1, 9, 8, 5, 12, 10, 7, 2, 6, 11, 13, 14, 17, 19]

--- SAMPLE 755 --- [14, 2, 3, 4, 5, 7, 10, 17, 19, 12, 20, 1, 11, 8, 6, 18, 15, 13, 9, 16]

--- SAMPLE 756 --- [3, 19, 10, 11, 15, 17, 1, 7, 12, 5, 8, 18, 13, 16, 4, 6, 9, 14, 2, 20]

--- SAMPLE 757 --- [2, 3, 1, 5, 12, 13, 11, 8, 9, 18, 19, 6, 17, 4, 7, 10, 14, 15, 16, 20]

--- SAMPLE 758 --- [8, 2, 3, 20, 16, 17, 18, 15, 1, 5, 6, 7, 9, 10, 11, 13, 4, 12, 19, 14]

--- SAMPLE 759 --- [14, 7, 15, 1, 8, 3, 11, 17, 6, 16, 19, 9, 4, 5, 12, 2, 10, 18, 13, 20]

--- SAMPLE 760 --- [5, 20, 7, 11, 13, 18, 9, 8, 19, 1, 6, 16, 10, 17, 3, 4, 2, 12, 14, 15]

--- SAMPLE 761 --- [1, 2, 4, 15, 17, 9, 6, 13, 3, 7, 8, 5, 11, 14, 20, 18, 19, 12, 16, 10]

--- SAMPLE 762 --- [11, 9, 7, 16, 15, 6, 14, 19, 13, 1, 5, 8, 10, 18, 4, 12, 17, 2, 3, 20]

--- SAMPLE 763 --- [1, 2, 8, 12, 13, 19, 17, 20, 9, 3, 4, 5, 6, 18, 14, 11, 7, 10, 15, 16]

--- SAMPLE 764 --- [1, 11, 10, 18, 17, 19, 4, 15, 8, 6, 16, 14, 12, 7, 2, 3, 13, 5, 20, 9]

--- SAMPLE 765 --- [2, 3, 1, 4, 8, 5, 17, 19, 12, 16, 7, 9, 6, 18, 11, 10, 13, 15, 14, 20]

--- SAMPLE 766 --- [4, 1, 9, 8, 10, 11, 13, 16, 12, 14, 6, 2, 3, 20, 18, 17, 7, 15, 19, 5]

--- SAMPLE 767 --- [1, 2, 5, 4, 8, 12, 18, 6, 3, 13, 19, 20, 10, 11, 16, 15, 9, 7, 17, 14]

--- SAMPLE 768 --- [1, 9, 2, 6, 7, 3, 11, 12, 16, 10, 5, 13, 14, 15, 8, 19, 18, 4, 17, 20]

--- SAMPLE 769 --- [2, 8, 7, 1, 10, 16, 17, 18, 14, 9, 12, 11, 19, 20, 5, 6, 3, 13, 4, 15]

--- SAMPLE 770 --- [1, 2, 10, 19, 11, 6, 15, 18, 7, 13, 4, 8, 9, 17, 12, 16, 3, 5, 14, 20]

--- SAMPLE 771 --- [2, 1, 3, 20, 17, 11, 18, 7, 15, 10, 4, 5, 16, 19, 14, 6, 8, 9, 13, 12]

--- SAMPLE 772 --- [17, 2, 4, 12, 14, 20, 19, 1, 3, 6, 8, 15, 16, 13, 10, 7, 5, 9, 18, 11]

--- SAMPLE 773 --- [14, 7, 3, 4, 6, 20, 12, 11, 16, 18, 15, 2, 5, 1, 17, 10, 8, 13, 19, 9]

--- SAMPLE 774 --- [2, 1, 3, 7, 11, 5, 4, 15, 9, 6, 8, 16, 20, 10, 13, 14, 19, 18, 12, 17]

--- SAMPLE 775 --- [1, 4, 18, 6, 9, 20, 19, 16, 12, 10, 5, 17, 2, 15, 14, 3, 7, 11, 8, 13]

--- SAMPLE 776 --- [20, 19, 9, 15, 2, 7, 1, 3, 5, 4, 8, 18, 13, 17, 6, 14, 10, 12, 16, 11]

--- SAMPLE 777 --- [1, 2, 19, 18, 4, 5, 7, 9, 20, 11, 14, 15, 6, 8, 13, 17, 16, 3, 10, 12]

--- SAMPLE 778 --- [9, 10, 12, 1, 3, 4, 6, 17, 18, 16, 20, 19, 7, 5, 11, 8, 13, 14, 2, 15]

--- SAMPLE 779 --- [2, 3, 4, 5, 8, 9, 18, 11, 1, 6, 20, 7, 12, 13, 16, 10, 15, 17, 14, 19]

--- SAMPLE 780 --- [1, 3, 4, 6, 19, 2, 16, 15, 5, 14, 11, 20, 10, 12, 13, 9, 7, 8, 18, 17]

--- SAMPLE 781 --- [15, 16, 12, 3, 5, 10, 7, 20, 17, 13, 19, 4, 2, 1, 9, 14, 18, 11, 8, 6]

--- SAMPLE 782 --- [14, 15, 19, 2, 10, 11, 13, 3, 7, 8, 9, 12, 5, 16, 17, 18, 1, 4, 6, 20]

--- SAMPLE 783 --- [1, 13, 5, 2, 16, 19, 11, 18, 20, 4, 3, 14, 10, 9, 8, 15, 12, 7, 6, 17]

--- SAMPLE 784 --- [17, 3, 14, 18, 2, 8, 19, 4, 13, 1, 5, 6, 9, 11, 16, 12, 10, 15, 7, 20]

--- SAMPLE 785 --- [7, 9, 10, 6, 17, 18, 2, 12, 13, 14, 19, 16, 8, 1, 15, 20, 5, 3, 11, 4]

--- SAMPLE 786 --- [4, 15, 16, 10, 11, 12, 13, 14, 18, 20, 2, 1, 7, 19, 9, 5, 3, 8, 6, 17]

--- SAMPLE 787 --- [11, 3, 1, 2, 7, 9, 12, 8, 14, 13, 15, 18, 17, 4, 19, 6, 10, 20, 5, 16]

--- SAMPLE 788 --- [5, 4, 12, 1, 19, 20, 14, 13, 10, 9, 6, 3, 8, 2, 15, 17, 18, 7, 16, 11]

--- SAMPLE 789 --- [17, 14, 2, 15, 20, 10, 11, 19, 12, 16, 13, 1, 7, 4, 9, 5, 3, 18, 8, 6]

--- SAMPLE 790 --- [8, 12, 13, 10, 3, 1, 7, 11, 19, 17, 6, 14, 16, 4, 15, 18, 2, 5, 20, 9]

--- SAMPLE 791 --- [2, 1, 9, 17, 3, 4, 5, 14, 18, 19, 20, 10, 12, 6, 16, 11, 7, 13, 15, 8]

--- SAMPLE 792 --- [1, 3, 2, 4, 5, 6, 8, 14, 11, 15, 16, 17, 7, 13, 12, 9, 18, 19, 10, 20]

--- SAMPLE 793 --- [1, 2, 4, 14, 11, 17, 20, 15, 12, 9, 7, 13, 19, 18, 6, 8, 5, 3, 10, 16]

--- SAMPLE 794 --- [10, 20, 17, 18, 16, 1, 6, 9, 8, 7, 12, 19, 14, 2, 3, 4, 5, 15, 13, 11]

--- SAMPLE 795 --- [8, 7, 1, 12, 17, 4, 2, 6, 14, 16, 9, 10, 18, 15, 3, 5, 11, 13, 19, 20]

--- SAMPLE 796 --- [2, 18, 11, 1, 3, 13, 6, 7, 8, 17, 5, 20, 12, 9, 19, 4, 10, 14, 16, 15]

--- SAMPLE 797 --- [1, 2, 6, 7, 8, 20, 13, 11, 14, 15, 17, 9, 12, 16, 4, 10, 3, 18, 19, 5]

--- SAMPLE 798 --- [3, 1, 19, 14, 17, 2, 4, 8, 15, 16, 20, 5, 10, 6, 11, 12, 7, 18, 13, 9]

--- SAMPLE 799 --- [1, 2, 3, 5, 14, 16, 17, 20, 12, 13, 7, 8, 11, 4, 15, 18, 9, 10, 6, 19]

--- SAMPLE 800 --- [1, 16, 12, 20, 18, 5, 10, 4, 8, 15, 2, 3, 11, 7, 19, 17, 9, 14, 13, 6]

--- SAMPLE 801 --- [1, 8, 13, 14, 16, 3, 5, 2, 4, 20, 10, 11, 15, 17, 19, 9, 7, 18, 6, 12]

--- SAMPLE 802 --- [1, 2, 3, 10, 15, 12, 18, 7, 4, 8, 19, 20, 5, 16, 6, 13, 11, 17, 14, 9]

--- SAMPLE 803 --- [1, 10, 15, 17, 18, 19, 14, 16, 5, 9, 13, 7, 4, 8, 2, 3, 6, 20, 12, 11]

--- SAMPLE 804 --- [1, 3, 18, 16, 4, 11, 17, 7, 10, 12, 6, 20, 13, 15, 5, 14, 19, 2, 9, 8]

--- SAMPLE 805 --- [1, 2, 3, 5, 4, 7, 10, 18, 6, 14, 11, 16, 12, 15, 9, 8, 13, 17, 20, 19]

--- SAMPLE 806 --- [1, 6, 7, 9, 14, 15, 3, 18, 8, 10, 4, 5, 17, 2, 16, 12, 11, 13, 19, 20]

--- SAMPLE 807 --- [5, 1, 2, 3, 4, 20, 15, 17, 6, 7, 9, 12, 14, 19, 13, 16, 10, 11, 18, 8]

--- SAMPLE 808 --- [3, 5, 7, 1, 10, 11, 20, 13, 14, 18, 12, 16, 4, 6, 19, 2, 8, 9, 17, 15]

--- SAMPLE 809 --- [1, 2, 5, 4, 9, 10, 13, 14, 19, 7, 3, 6, 12, 15, 17, 18, 11, 16, 8, 20]

--- SAMPLE 810 --- [1, 5, 11, 12, 15, 17, 19, 2, 7, 13, 6, 20, 8, 14, 18, 10, 3, 16, 4, 9]

--- SAMPLE 811 --- [2, 16, 3, 5, 9, 14, 19, 18, 11, 8, 1, 12, 15, 20, 10, 17, 6, 4, 7, 13]

--- SAMPLE 812 --- [1, 6, 10, 14, 17, 18, 19, 2, 3, 7, 11, 12, 4, 20, 15, 9, 13, 5, 16, 8]

--- SAMPLE 813 --- [1, 13, 16, 10, 20, 3, 15, 4, 19, 14, 7, 11, 17, 18, 9, 8, 12, 5, 6, 2]

--- SAMPLE 814 --- [11, 7, 6, 9, 13, 19, 2, 3, 15, 12, 8, 17, 16, 14, 10, 1, 4, 18, 5, 20]

--- SAMPLE 815 --- [8, 5, 10, 15, 14, 20, 1, 2, 3, 17, 18, 13, 12, 16, 4, 9, 6, 19, 11, 7]

--- SAMPLE 816 --- [1, 15, 16, 5, 2, 7, 10, 8, 3, 20, 11, 4, 13, 14, 19, 12, 17, 18, 9, 6]

--- SAMPLE 817 --- [1, 4, 16, 7, 5, 2, 9, 15, 8, 6, 3, 11, 12, 13, 14, 17, 18, 19, 20, 10]

--- SAMPLE 818 --- [1, 2, 4, 13, 6, 7, 19, 20, 16, 15, 10, 5, 11, 9, 14, 18, 3, 8, 17, 12]

--- SAMPLE 819 --- [1, 2, 3, 14, 18, 15, 19, 20, 13, 9, 4, 6, 8, 10, 5, 7, 11, 12, 16, 17]

--- SAMPLE 820 --- [1, 2, 4, 11, 5, 6, 18, 9, 10, 12, 16, 15, 19, 3, 8, 13, 14, 20, 7, 17]

--- SAMPLE 821 --- [20, 18, 9, 10, 12, 1, 7, 14, 19, 15, 2, 5, 11, 16, 4, 6, 17, 8, 3, 13]

--- SAMPLE 822 --- [1, 3, 5, 14, 19, 16, 7, 2, 4, 6, 8, 11, 17, 10, 15, 9, 13, 20, 18, 12]

--- SAMPLE 823 --- [1, 2, 6, 14, 19, 20, 18, 16, 9, 10, 15, 12, 5, 11, 13, 17, 3, 4, 8, 7]

--- SAMPLE 824 --- [1, 2, 7, 8, 12, 10, 14, 20, 4, 19, 13, 18, 15, 3, 6, 16, 17, 5, 9, 11]

--- SAMPLE 825 --- [17, 6, 1, 7, 11, 12, 20, 4, 5, 8, 9, 2, 18, 14, 16, 13, 19, 10, 3, 15]

--- SAMPLE 826 --- [1, 2, 12, 15, 18, 4, 5, 10, 17, 14, 7, 20, 6, 3, 11, 8, 19, 16, 9, 13]

--- SAMPLE 827 --- [1, 2, 11, 9, 19, 12, 10, 13, 6, 3, 17, 16, 4, 7, 18, 15, 8, 14, 5, 20]

--- SAMPLE 828 --- [1, 2, 4, 9, 10, 16, 15, 18, 13, 14, 3, 5, 6, 8, 11, 12, 20, 7, 19, 17]

--- SAMPLE 829 --- [1, 3, 14, 9, 11, 7, 2, 10, 19, 8, 5, 4, 15, 12, 17, 13, 16, 18, 6, 20]

--- SAMPLE 830 --- [20, 18, 19, 1, 16, 7, 13, 5, 10, 11, 2, 3, 4, 8, 15, 14, 12, 9, 6, 17]

--- SAMPLE 831 --- [5, 8, 11, 19, 6, 3, 7, 20, 12, 14, 15, 16, 17, 18, 1, 2, 4, 9, 10, 13]

--- SAMPLE 832 --- [1, 4, 5, 9, 10, 11, 12, 19, 20, 3, 13, 2, 18, 16, 6, 7, 17, 8, 14, 15]

--- SAMPLE 833 --- [1, 6, 17, 18, 9, 10, 12, 19, 7, 8, 20, 14, 13, 3, 2, 15, 16, 11, 5, 4]

--- SAMPLE 834 --- [1, 20, 2, 7, 4, 6, 12, 16, 13, 17, 18, 5, 9, 10, 15, 14, 8, 19, 3, 11]

--- SAMPLE 835 --- [14, 1, 12, 19, 17, 2, 20, 10, 13, 11, 3, 6, 9, 5, 16, 8, 15, 7, 4, 18]

--- SAMPLE 836 --- [1, 4, 9, 3, 5, 12, 15, 16, 10, 13, 7, 17, 2, 6, 19, 8, 11, 14, 20, 18]

--- SAMPLE 837 --- [3, 5, 1, 13, 14, 6, 11, 10, 2, 12, 15, 17, 8, 4, 9, 19, 7, 16, 18, 20]

--- SAMPLE 838 --- [17, 18, 1, 4, 2, 5, 6, 15, 9, 11, 13, 19, 12, 14, 16, 20, 3, 7, 8, 10]

--- SAMPLE 839 --- [10, 13, 15, 12, 7, 9, 16, 17, 18, 8, 2, 4, 5, 11, 6, 19, 20, 3, 1, 14]

--- SAMPLE 840 --- [3, 1, 4, 15, 18, 9, 7, 10, 5, 2, 11, 12, 17, 20, 14, 8, 13, 6, 19, 16]

--- SAMPLE 841 --- [1, 5, 6, 4, 16, 20, 3, 10, 8, 9, 11, 18, 14, 19, 13, 17, 15, 12, 2, 7]

--- SAMPLE 842 --- [1, 3, 16, 19, 5, 14, 2, 10, 9, 8, 15, 6, 17, 12, 4, 11, 13, 18, 20, 7]

--- SAMPLE 843 --- [1, 2, 3, 7, 10, 11, 14, 19, 17, 4, 5, 15, 16, 9, 12, 8, 18, 13, 20, 6]

--- SAMPLE 844 --- [7, 12, 17, 20, 11, 19, 6, 4, 1, 16, 18, 15, 14, 13, 10, 9, 8, 5, 3, 2]

--- SAMPLE 845 --- [5, 8, 2, 3, 16, 12, 13, 17, 7, 1, 6, 9, 10, 11, 15, 18, 19, 4, 14, 20]

--- SAMPLE 846 --- [1, 2, 10, 18, 13, 15, 16, 19, 3, 4, 5, 6, 11, 20, 7, 12, 14, 17, 8, 9]

--- SAMPLE 847 --- [1, 3, 2, 7, 5, 6, 15, 9, 13, 18, 10, 8, 12, 11, 14, 16, 17, 19, 4, 20]

--- SAMPLE 848 --- [12, 8, 14, 15, 19, 20, 1, 2, 3, 7, 4, 11, 18, 5, 17, 6, 16, 9, 13, 10]

--- SAMPLE 849 --- [4, 17, 11, 8, 1, 10, 6, 16, 3, 13, 12, 7, 14, 15, 18, 20, 19, 9, 5, 2]

--- SAMPLE 850 --- [1, 5, 18, 6, 7, 4, 8, 2, 3, 10, 12, 19, 14, 17, 15, 9, 11, 16, 13, 20]

--- SAMPLE 851 --- [1, 2, 13, 16, 11, 5, 18, 6, 15, 8, 14, 12, 19, 3, 4, 7, 9, 17, 20, 10]

--- SAMPLE 852 --- [11, 19, 20, 18, 8, 12, 1, 17, 4, 5, 6, 10, 13, 14, 15, 16, 9, 7, 2, 3]

--- SAMPLE 853 --- [1, 2, 6, 4, 11, 5, 7, 8, 9, 19, 20, 15, 18, 16, 3, 17, 10, 14, 13, 12]

--- SAMPLE 854 --- [1, 2, 6, 10, 12, 15, 18, 8, 16, 20, 11, 5, 13, 14, 19, 4, 9, 17, 7, 3]

--- SAMPLE 855 --- [1, 11, 8, 12, 15, 9, 7, 18, 2, 3, 16, 14, 17, 5, 13, 20, 10, 6, 4, 19]

--- SAMPLE 856 --- [1, 12, 2, 4, 14, 20, 13, 16, 11, 15, 18, 17, 8, 6, 3, 10, 5, 19, 9, 7]

--- SAMPLE 857 --- [11, 2, 15, 16, 17, 20, 1, 13, 14, 18, 4, 5, 6, 9, 3, 7, 19, 12, 10, 8]

--- SAMPLE 858 --- [1, 5, 8, 20, 10, 7, 9, 11, 17, 14, 13, 18, 19, 6, 15, 12, 16, 3, 4, 2]

--- SAMPLE 859 --- [1, 2, 4, 6, 8, 13, 15, 18, 20, 11, 5, 3, 12, 16, 10, 14, 7, 17, 9, 19]

--- SAMPLE 860 --- [1, 2, 7, 9, 10, 17, 3, 19, 8, 5, 6, 18, 11, 13, 20, 4, 12, 14, 15, 16]

--- SAMPLE 861 --- [20, 14, 17, 18, 19, 6, 1, 2, 5, 16, 9, 13, 7, 15, 4, 10, 8, 11, 3, 12]

--- SAMPLE 862 --- [1, 3, 17, 19, 4, 7, 9, 10, 20, 16, 13, 15, 5, 6, 14, 2, 12, 8, 11, 18]

--- SAMPLE 863 --- [1, 2, 3, 4, 15, 14, 12, 10, 13, 16, 6, 11, 20, 19, 17, 7, 18, 9, 8, 5]

--- SAMPLE 864 --- [1, 5, 10, 18, 19, 20, 8, 9, 14, 7, 13, 12, 4, 16, 3, 17, 6, 11, 2, 15]

--- SAMPLE 865 --- [1, 6, 7, 8, 16, 2, 3, 15, 9, 17, 11, 12, 10, 13, 14, 5, 4, 18, 19, 20]

--- SAMPLE 866 --- [12, 8, 18, 20, 5, 15, 2, 4, 1, 3, 11, 16, 19, 13, 10, 17, 14, 6, 7, 9]

--- SAMPLE 867 --- [1, 3, 6, 18, 2, 5, 11, 12, 19, 20, 9, 10, 4, 7, 13, 16, 17, 15, 14, 8]

--- SAMPLE 868 --- [1, 6, 8, 14, 16, 20, 13, 11, 19, 2, 4, 3, 5, 17, 18, 7, 9, 10, 12, 15]

--- SAMPLE 869 --- [1, 7, 8, 16, 14, 6, 19, 4, 9, 12, 13, 5, 2, 3, 10, 11, 18, 20, 17, 15]

--- SAMPLE 870 --- [5, 6, 1, 2, 15, 7, 10, 16, 18, 20, 12, 14, 11, 3, 4, 13, 17, 8, 9, 19]

--- SAMPLE 871 --- [20, 3, 5, 9, 16, 8, 1, 13, 18, 11, 2, 4, 7, 10, 14, 15, 17, 19, 6, 12]

--- SAMPLE 872 --- [1, 5, 3, 13, 10, 14, 17, 15, 4, 6, 9, 16, 2, 7, 12, 18, 19, 8, 11, 20]

--- SAMPLE 873 --- [1, 2, 3, 8, 12, 15, 17, 20, 11, 18, 4, 14, 9, 10, 19, 5, 7, 13, 16, 6]

--- SAMPLE 874 --- [4, 20, 10, 12, 15, 19, 2, 3, 1, 5, 11, 13, 6, 14, 18, 17, 7, 8, 16, 9]

--- SAMPLE 875 --- [4, 5, 20, 8, 1, 2, 15, 19, 7, 9, 11, 12, 17, 13, 14, 6, 3, 18, 16, 10]

--- SAMPLE 876 --- [1, 9, 11, 12, 17, 20, 2, 4, 5, 6, 8, 13, 10, 15, 18, 19, 3, 14, 16, 7]

--- SAMPLE 877 --- [1, 16, 17, 4, 9, 11, 6, 3, 5, 20, 19, 7, 14, 12, 15, 18, 13, 8, 10, 2]

--- SAMPLE 878 --- [1, 2, 3, 15, 6, 14, 16, 17, 20, 7, 8, 10, 13, 11, 9, 18, 19, 12, 5, 4]

--- SAMPLE 879 --- [2, 20, 7, 8, 10, 19, 12, 4, 5, 6, 1, 11, 13, 15, 17, 18, 16, 14, 3, 9]

--- SAMPLE 880 --- [1, 5, 8, 9, 12, 3, 10, 6, 17, 13, 7, 15, 11, 18, 20, 14, 16, 2, 19, 4]

--- SAMPLE 881 --- [3, 7, 5, 6, 10, 16, 8, 9, 11, 17, 1, 2, 4, 12, 13, 14, 15, 18, 19, 20]

--- SAMPLE 882 --- [14, 20, 6, 19, 1, 11, 8, 2, 5, 17, 10, 13, 16, 18, 15, 3, 4, 7, 9, 12]

--- SAMPLE 883 --- [14, 9, 15, 20, 5, 1, 2, 19, 4, 7, 10, 17, 18, 13, 11, 12, 16, 3, 6, 8]

--- SAMPLE 884 --- [1, 2, 5, 8, 11, 14, 15, 20, 4, 9, 12, 13, 7, 18, 10, 16, 6, 3, 17, 19]

--- SAMPLE 885 --- [14, 15, 18, 19, 1, 9, 13, 5, 3, 10, 7, 2, 4, 12, 17, 11, 16, 20, 6, 8]

--- SAMPLE 886 --- [5, 11, 1, 3, 6, 8, 9, 18, 16, 17, 20, 7, 10, 15, 19, 14, 12, 2, 4, 13]

--- SAMPLE 887 --- [1, 2, 12, 19, 3, 10, 11, 20, 4, 6, 17, 15, 18, 5, 14, 16, 7, 8, 9, 13]

--- SAMPLE 888 --- [1, 13, 2, 3, 18, 5, 7, 12, 15, 19, 9, 10, 6, 8, 11, 4, 17, 20, 14, 16]

--- SAMPLE 889 --- [1, 2, 4, 8, 5, 3, 12, 14, 10, 11, 6, 7, 9, 13, 15, 18, 19, 20, 17, 16]

--- SAMPLE 890 --- [9, 3, 7, 10, 14, 17, 18, 19, 20, 1, 8, 12, 5, 11, 13, 16, 6, 2, 15, 4]

--- SAMPLE 891 --- [17, 19, 1, 4, 11, 8, 7, 2, 12, 5, 14, 16, 18, 20, 15, 9, 10, 6, 3, 13]

--- SAMPLE 892 --- [1, 2, 10, 16, 20, 3, 4, 5, 9, 17, 19, 13, 15, 12, 11, 14, 18, 8, 7, 6]

--- SAMPLE 893 --- [16, 10, 8, 20, 14, 1, 3, 4, 9, 18, 19, 12, 5, 7, 15, 11, 13, 6, 2, 17]

--- SAMPLE 894 --- [1, 2, 3, 5, 11, 15, 17, 14, 10, 8, 12, 13, 18, 19, 4, 20, 6, 7, 9, 16]

--- SAMPLE 895 --- [10, 11, 15, 1, 6, 7, 8, 17, 19, 9, 12, 16, 4, 20, 14, 13, 5, 3, 2, 18]

--- SAMPLE 896 --- [1, 2, 7, 8, 3, 5, 14, 10, 11, 19, 13, 18, 20, 4, 6, 9, 12, 15, 16, 17]

--- SAMPLE 897 --- [1, 2, 12, 5, 20, 14, 9, 15, 7, 10, 17, 18, 8, 19, 6, 11, 16, 13, 4, 3]

--- SAMPLE 898 --- [1, 6, 8, 10, 19, 3, 4, 11, 9, 17, 5, 12, 2, 13, 14, 15, 16, 18, 7, 20]

--- SAMPLE 899 --- [1, 2, 3, 5, 20, 4, 7, 13, 9, 11, 14, 18, 10, 12, 15, 6, 16, 19, 17, 8]

--- SAMPLE 900 --- [1, 7, 14, 19, 4, 6, 8, 11, 2, 5, 12, 13, 17, 15, 3, 10, 18, 16, 9, 20]

--- SAMPLE 901 --- [12, 13, 15, 16, 19, 3, 7, 11, 17, 9, 1, 4, 5, 6, 8, 14, 2, 18, 20, 10]

--- SAMPLE 902 --- [1, 8, 13, 16, 5, 17, 10, 14, 18, 4, 2, 20, 15, 19, 6, 11, 12, 7, 9, 3]

--- SAMPLE 903 --- [2, 4, 11, 15, 16, 20, 1, 17, 10, 9, 13, 6, 5, 3, 7, 19, 14, 8, 12, 18]

--- SAMPLE 904 --- [1, 12, 11, 19, 10, 18, 8, 14, 5, 4, 15, 17, 2, 3, 13, 20, 6, 7, 16, 9]

--- SAMPLE 905 --- [1, 2, 3, 4, 5, 6, 7, 8, 9, 14, 11, 17, 12, 15, 18, 10, 13, 16, 20, 19]

--- SAMPLE 906 --- [14, 8, 11, 16, 1, 2, 3, 4, 6, 10, 12, 7, 5, 19, 9, 20, 13, 15, 17, 18]

--- SAMPLE 907 --- [7, 10, 12, 20, 1, 5, 6, 3, 18, 8, 19, 13, 16, 9, 14, 15, 17, 2, 4, 11]

--- SAMPLE 908 --- [1, 20, 19, 14, 18, 12, 15, 17, 4, 6, 10, 16, 3, 2, 5, 7, 9, 11, 13, 8]

--- SAMPLE 909 --- [20, 14, 6, 7, 19, 1, 2, 3, 5, 8, 4, 17, 18, 11, 15, 12, 16, 9, 10, 13]

--- SAMPLE 910 --- [3, 1, 2, 4, 13, 14, 6, 8, 9, 18, 7, 12, 11, 19, 20, 15, 16, 10, 17, 5]

--- SAMPLE 911 --- [1, 8, 3, 18, 15, 20, 5, 9, 16, 11, 19, 6, 12, 13, 17, 10, 14, 2, 4, 7]

--- SAMPLE 912 --- [1, 9, 11, 8, 13, 15, 12, 18, 4, 3, 10, 19, 17, 7, 5, 14, 6, 16, 2, 20]

--- SAMPLE 913 --- [3, 4, 6, 12, 13, 14, 15, 1, 8, 11, 17, 18, 9, 7, 10, 19, 16, 5, 2, 20]

--- SAMPLE 914 --- [20, 12, 14, 1, 3, 5, 16, 17, 18, 11, 2, 13, 8, 6, 4, 7, 9, 10, 15, 19]

--- SAMPLE 915 --- [14, 1, 3, 11, 16, 19, 12, 13, 17, 5, 4, 8, 9, 15, 20, 18, 10, 7, 6, 2]

--- SAMPLE 916 --- [12, 13, 17, 6, 15, 3, 5, 20, 1, 2, 8, 18, 4, 11, 14, 10, 16, 7, 9, 19]

--- SAMPLE 917 --- [20, 10, 17, 18, 4, 11, 15, 12, 14, 1, 3, 6, 8, 19, 16, 13, 7, 9, 5, 2]

--- SAMPLE 918 --- [1, 2, 11, 14, 5, 6, 7, 8, 9, 10, 16, 17, 3, 15, 12, 4, 18, 19, 20, 13]

--- SAMPLE 919 --- [1, 10, 6, 7, 8, 9, 11, 13, 2, 3, 5, 12, 20, 18, 4, 17, 15, 16, 14, 19]

--- SAMPLE 920 --- [4, 9, 11, 18, 1, 2, 7, 8, 12, 13, 16, 17, 19, 5, 6, 20, 10, 15, 3, 14]

--- SAMPLE 921 --- [7, 4, 5, 17, 14, 15, 16, 12, 6, 10, 1, 2, 13, 20, 19, 11, 3, 18, 9, 8]

--- SAMPLE 922 --- [19, 5, 12, 7, 2, 16, 18, 4, 20, 11, 17, 8, 13, 10, 9, 1, 3, 6, 14, 15]

--- SAMPLE 923 --- [1, 20, 15, 19, 4, 18, 9, 17, 2, 3, 13, 11, 10, 14, 16, 12, 7, 8, 5, 6]

--- SAMPLE 924 --- [1, 2, 3, 5, 8, 9, 13, 17, 11, 16, 15, 14, 12, 20, 6, 7, 10, 4, 18, 19]

--- SAMPLE 925 --- [9, 16, 5, 7, 11, 12, 13, 1, 2, 8, 20, 15, 19, 10, 14, 17, 3, 4, 6, 18]

--- SAMPLE 926 --- [1, 2, 4, 5, 6, 20, 13, 16, 10, 11, 8, 3, 17, 12, 7, 18, 15, 9, 19, 14]

--- SAMPLE 927 --- [20, 19, 1, 6, 18, 8, 5, 13, 7, 9, 10, 4, 11, 16, 17, 12, 14, 2, 3, 15]

--- SAMPLE 928 --- [1, 3, 8, 18, 13, 5, 10, 11, 12, 16, 19, 17, 15, 20, 9, 2, 4, 6, 7, 14]

--- SAMPLE 929 --- [17, 13, 1, 2, 15, 4, 9, 3, 7, 11, 14, 8, 10, 12, 5, 6, 16, 18, 19, 20]

--- SAMPLE 930 --- [1, 2, 3, 9, 15, 12, 17, 13, 6, 14, 4, 7, 11, 18, 16, 19, 8, 5, 10, 20]

--- SAMPLE 931 --- [2, 5, 11, 12, 13, 14, 17, 6, 7, 9, 10, 3, 15, 18, 1, 8, 16, 4, 19, 20]

--- SAMPLE 932 --- [8, 20, 1, 19, 14, 13, 16, 6, 2, 3, 12, 9, 15, 4, 10, 5, 7, 17, 11, 18]
